SN 1997E  1   06 47 27.41 +74 30 02.6 14.402 0.014  0.086 0.041 0.675 0.011  0.427 0.007  0.846 0.010 3
SN 1997E  2   06 47 52.40 +74 31 52.6 15.139 0.015  0.123 0.040 0.715 0.011  0.436 0.007  0.863 0.010 3
SN 1997E  3   06 47 18.41 +74 31 40.7 15.895 0.017  0.018 0.040 0.584 0.013  0.365 0.008  0.747 0.009 3
SN 1997E  4   06 47 23.92 +74 31 01.6 15.410 0.022  0.580 0.045 0.946 0.019  0.539 0.007  1.021 0.014 3
SN 1997E  5   06 47 00.39 +74 28 13.5 15.358 0.014  0.594 0.041 0.907 0.012  0.511 0.009  0.968 0.009 3
SN 1997E  6   06 47 03.36 +74 29 06.4 15.152 0.013  0.143 0.040 0.733 0.012  0.439 0.008  0.877 0.010 3
SN 1997E  7   06 46 49.48 +74 29 17.2 15.181 0.014  0.390 0.042 0.833 0.012  0.481 0.009  0.930 0.013 3
SN 1997E  8   06 47 25.35 +74 26 43.6 16.150 0.015  0.231 0.045 0.812 0.011  0.476 0.009  0.926 0.012 3
SN 1997E  9   06 47 48.60 +74 25 39.1 15.718 0.014  0.055 0.040 0.657 0.011  0.399 0.007  0.800 0.009 3
SN 1997Y  1   12 45 50.75 +54 44 06.0 16.576 0.011  0.563 0.061 0.911 0.015  0.544 0.010  1.042 0.011 2
SN 1997Y  2   12 45 44.09 +54 45 22.3 16.029 0.014  0.428 0.040 0.823 0.013  0.470 0.010  0.946 0.011 2
SN 1997Y  3   12 45 26.06 +54 46 22.0 16.174 0.061  0.177 0.042 0.766 0.019  0.425 0.008  0.870 0.037 2
SN 1997Y  4   12 45 05.99 +54 45 01.8 16.562 0.016  1.209 0.119 1.499 0.010  0.941 0.025  1.949 0.009 2
SN 1997Y  5   12 45 18.05 +54 42 31.9 17.846 0.010  1.081 0.195 1.493 0.029  1.025 0.057  2.370 0.020 2
SN 1997Y  6   12 45 23.93 +54 44 45.6 18.317 0.040  0.216 0.238 0.830 0.056  0.449 0.013  0.908 0.032 2
SN 1997bp 1   12 46 48.63 -11 38 09.3 14.525 0.012 -0.001 0.042 0.610 0.014  0.360 0.007  0.717 0.014 3
SN 1997bp 2   12 46 42.03 -11 37 27.5 14.840 0.014 -0.036 0.043 0.590 0.011  0.353 0.009  0.698 0.014 3
SN 1997bp 3   12 46 42.53 -11 36 22.2 15.953 0.012  0.234 0.041 0.731 0.012  0.436 0.007  0.832 0.015 3
SN 1997bp 4   12 47 04.62 -11 36 00.8 16.150 0.013  0.090 0.043 0.750 0.016  0.447 0.014  0.899 0.013 3
SN 1997bp 5   12 47 05.48 -11 36 08.6 15.462 0.011  0.789 0.044 0.951 0.016  0.552 0.008  1.022 0.015 3
SN 1997bp 6   12 47 09.57 -11 35 37.1 15.227 0.014  0.003 0.048 0.630 0.014  0.408 0.012  0.832 0.016 3
SN 1997bp 7   12 47 07.87 -11 36 19.4 16.201 0.014  0.106 0.042 0.634 0.010  0.379 0.012  0.737 0.019 3
SN 1997bp 8   12 47 08.39 -11 37 15.4 16.309 0.013 -0.007 0.042 0.604 0.015  0.366 0.015  0.723 0.024 3
SN 1997bp 9   12 47 09.58 -11 38 32.9 14.889 0.011  0.124 0.042 0.688 0.011  0.414 0.008  0.799 0.011 3
SN 1997bp 10  12 47 08.24 -11 38 36.4 15.463 0.011  0.385 0.042 0.821 0.013  0.493 0.009  0.963 0.011 3
SN 1997bp 11  12 47 08.53 -11 39 31.1 16.236 0.013 -0.278 0.042 0.481 0.014  0.331 0.016  0.666 0.012 3
SN 1997bp 12  12 47 03.38 -11 41 35.2 16.879 0.012  0.099 0.041 0.657 0.019  0.375 0.021  0.755 0.017 3
SN 1997bp 13  12 46 57.05 -11 38 08.0 16.722 0.053 -0.052 0.054 0.585 0.034  0.356 0.015  0.691 0.036 3
SN 1997bq 1   10 17 18.23 +73 25 38.3 15.948 0.032 -0.108 0.041 0.531 0.026  0.344 0.007  0.687 0.022 2
SN 1997bq 2   10 17 20.64 +73 25 37.4 16.633 0.026  0.861 0.041 1.015 0.021  0.620 0.011  1.141 0.024 2
SN 1997bq 3   10 17 33.01 +73 25 50.8 17.225 0.042 -0.136 0.078 0.506 0.017  0.349 0.013  0.724 0.032 2
SN 1997bq 4   10 17 24.78 +73 25 08.2 16.621 0.023  0.186 0.093 0.740 0.023  0.431 0.013  0.827 0.021 2
SN 1997bq 5   10 17 37.69 +73 24 46.0 17.991 0.056  0.361 0.207 0.590 0.233  0.479 0.010              2
SN 1997bq 6   10 17 29.91 +73 24 18.0 15.928 0.031  0.197 0.040 0.744 0.029  0.445 0.007  0.877 0.014 2
SN 1997bq 7   10 17 37.52 +73 24 16.0 17.971 0.010              0.968 0.042  0.541 0.022  1.050 0.011 2
SN 1997bq 8   10 17 40.47 +73 24 13.5 16.432 0.014  0.299 0.046 0.746 0.018  0.459 0.010  0.890 0.014 2
SN 1997bq 9   10 17 45.85 +73 23 56.5 16.004 0.039  0.303 0.041 0.816 0.013  0.462 0.016  0.912 0.014 2
SN 1997bq 10  10 16 29.63 +73 23 33.6 18.017 0.027  0.780 0.209 0.875 0.028  0.488 0.019  0.987 0.044 2
SN 1997br 1   13 20 40.15 -22 02 07.0 17.570 0.021              0.900 0.017  0.507 0.021  0.914 0.090 3
SN 1997br 2   13 20 42.28 -22 01 27.6 16.014 0.017  1.172 0.100 1.187 0.010  0.736 0.010  1.362 0.010 3
SN 1997br 3   13 20 46.13 -22 01 21.4 19.816 0.078              0.832 0.205  0.638 0.154  1.099 0.168 2
SN 1997br 4   13 20 45.81 -22 01 51.1 19.227 0.038              0.873 0.016  0.432 0.065  0.898 0.257 3
SN 1997br 5   13 20 45.67 -22 02 22.2 18.330 0.011              1.552 0.028  1.191 0.007  2.613 0.014 3
SN 1997br 6   13 20 46.75 -22 02 34.9 17.407 0.023  0.423 0.163 0.860 0.011  0.508 0.029  0.974 0.012 3
SN 1997br 7   13 20 50.08 -22 01 59.1 15.483 0.016  0.655 0.051 0.956 0.015  0.544 0.007  1.022 0.009 3
SN 1997br 8   13 20 52.84 -22 02 27.9 16.966 0.011              1.168 0.016  0.713 0.013  1.315 0.023 3
SN 1997br 9   13 20 53.35 -22 02 49.2 15.608 0.015  0.371 0.059 0.903 0.012  0.521 0.011  1.013 0.019 3
SN 1997br 10  13 20 46.92 -22 02 45.2                           0.775 0.197  0.441 0.043  1.086 0.102 3
SN 1997br 11  13 20 46.75 -22 03 01.9 17.709 0.014              1.111 0.014  0.702 0.028  1.316 0.012 3
SN 1997br 12  13 20 49.68 -22 03 06.7 19.166 0.035              1.062 0.027  0.587 0.046  1.249 0.073 3
SN 1997br 13  13 20 50.22 -22 03 58.2 16.404 0.018  0.006 0.043 0.734 0.013  0.402 0.008  0.776 0.018 3
SN 1997br 14  13 20 47.32 -22 04 15.8 15.600 0.021 -0.053 0.046 0.634 0.012  0.380 0.008  0.755 0.009 3
SN 1997br 15  13 20 45.89 -22 03 53.5 15.908 0.019  0.031 0.083 0.697 0.012  0.427 0.007  0.844 0.011 3
SN 1997br 16  13 20 41.71 -22 03 38.8 17.519 0.023              0.879 0.017  0.514 0.007  0.983 0.018 3
SN 1997br 17  13 20 39.75 -22 02 54.3 19.337 0.197              1.283 0.165  0.884 0.014  1.784 0.072 3
SN 1997cn 1   14 09 59.56 +17 35 18.1 17.456 0.014  1.269 0.166 1.322 0.024  0.817 0.012  1.562 0.013 3
SN 1997cn 2   14 10 09.47 +17 33 38.0 16.137 0.011  0.153 0.049 0.726 0.015  0.407 0.009  0.813 0.013 3
SN 1997cn 3   14 10 09.00 +17 30 57.3 17.694 0.012  0.622 0.105 0.876 0.013  0.512 0.009  0.988 0.017 3
SN 1997cn 4   14 10 07.12 +17 30 00.0 16.150 0.011  0.128 0.058 0.677 0.013  0.375 0.008  0.753 0.016 3
SN 1997cn 5   14 10 03.12 +17 30 03.5 15.966 0.011  0.059 0.045 0.653 0.013  0.377 0.008  0.753 0.011 3
SN 1997cn 6   14 09 58.30 +17 30 22.4 17.694 0.018  0.436 0.088 0.798 0.014  0.447 0.019  0.885 0.010 3
SN 1997cn 7   14 09 42.17 +17 28 41.7 16.683 0.016  1.135 0.124 1.111 0.011  0.664 0.015  1.230 0.033 3
SN 1997cn 8   14 09 43.14 +17 29 19.9 16.975 0.012  1.080 0.138 1.448 0.017  0.915 0.009  1.804 0.023 3
SN 1997cn 9   14 09 52.00 +17 33 02.7 18.516 0.015  0.050 0.260 0.622 0.032  0.380 0.015  0.696 0.069 3
SN 1997cn 10  14 09 46.13 +17 33 59.5 17.894 0.025  0.169 0.199 0.719 0.029  0.393 0.009  0.831 0.022 3
SN 1997cw 1   00 25 14.51 +12 56 11.1 15.147 0.029  0.294 0.080 0.797 0.031  0.447 0.027  0.877 0.028 1
SN 1997cw 2   00 25 21.21 +12 55 18.5 17.368 0.063  0.161 0.160 0.721 0.069  0.451 0.053  0.874 0.058 1
SN 1997cw 3   00 25 21.89 +12 54 31.0 16.035 0.038 -0.018 0.100 0.651 0.041  0.385 0.033  0.765 0.035 1
SN 1997cw 4   00 25 23.36 +12 53 12.6 15.813 0.035  0.085 0.094 0.708 0.038  0.406 0.031  0.807 0.033 1
SN 1997cw 5   00 25 26.06 +12 53 06.2 17.994 0.082  1.684 0.207 1.361 0.090  0.846 0.069  1.577 0.075 1
SN 1997cw 6   00 25 25.54 +12 51 12.5 15.801 0.035  0.160 0.094 0.723 0.038  0.420 0.031  0.814 0.033 1
SN 1997cw 7   00 25 21.96 +12 50 52.9 16.990 0.054  0.091 0.139 0.716 0.059  0.405 0.046  0.793 0.050 1
SN 1997dg 1   23 40 05.02 +26 14 16.0 15.777 0.035  0.001 0.093 0.637 0.038  0.383 0.031  0.766 0.033 1
SN 1997dg 3   23 40 14.02 +26 13 45.1 17.499 0.066  0.820 0.169 1.061 0.073  0.653 0.056  1.219 0.061 1
SN 1997dg 4   23 40 20.99 +26 13 33.7 18.674 0.110  0.205 0.278 0.927 0.122  0.508 0.093  1.006 0.101 1
SN 1997dg 6   23 40 16.90 +26 10 58.6 17.974 0.081  0.605 0.206 0.954 0.090  0.540 0.069  1.017 0.074 1
SN 1997dg 7   23 40 21.45 +26 10 02.8 18.347 0.096              1.406 0.106  0.936 0.080  1.782 0.087 1
SN 1997dg 8   23 40 20.75 +26 10 01.4 18.857 0.120              0.930 0.133  0.533 0.100  0.976 0.109 1
SN 1997dg 9   23 40 10.41 +26 09 27.4 15.969 0.037  0.083 0.098 0.699 0.040  0.416 0.033  0.816 0.035 1
SN 1997dg 10  23 40 06.33 +26 10 43.1 15.959 0.037 -0.054 0.098 0.558 0.040  0.343 0.033  0.698 0.035 1
SN 1997dg 11  23 40 11.33 +26 11 39.0 17.698 0.072  0.802 0.183 1.018 0.080  0.616 0.061  1.121 0.066 1
SN 1997do 1   07 26 30.31 +47 07 44.1 16.999 0.054  0.206 0.139 0.795 0.059  0.448 0.046  0.885 0.050 1
SN 1997do 2   07 26 31.90 +47 06 49.9 17.761 0.074 -0.048 0.188 0.616 0.082  0.391 0.063  0.738 0.068 1
SN 1997do 3   07 26 31.95 +47 06 16.2 17.294 0.061  0.590 0.156 0.893 0.067  0.528 0.052  1.016 0.056 1
SN 1997do 4   07 26 27.49 +47 04 06.3 16.194 0.040  0.736 0.105 1.011 0.043  0.591 0.035  1.151 0.037 1
SN 1997do 5   07 26 35.73 +47 03 20.7 16.362 0.042  0.251 0.111 0.774 0.046  0.432 0.037  0.858 0.039 1
SN 1997do 6   07 26 43.33 +47 03 31.7 15.545 0.033 -0.008 0.088 0.675 0.035  0.361 0.029  0.718 0.031 1
SN 1997do 7   07 26 45.40 +47 03 37.2 16.352 0.042  0.072 0.111 0.694 0.046  0.388 0.037  0.772 0.039 1
SN 1997do 8   07 26 55.57 +47 04 15.6 17.046 0.055  0.454 0.142 0.881 0.060  0.506 0.047  0.946 0.051 1
SN 1997do 9   07 26 48.30 +47 05 20.9 17.250 0.060  0.431 0.153 0.860 0.066  0.464 0.051  0.885 0.055 1
SN 1997do 10  07 26 48.46 +47 05 35.9 17.955 0.080  1.550 0.204 1.340 0.089  0.897 0.068  1.705 0.074 1
SN 1997do 11  07 26 40.59 +47 07 03.9 17.893 0.078  0.607 0.199 0.948 0.087  0.547 0.066  1.016 0.072 1
SN 1997dt 1   22 59 55.18 +16 00 31.0 15.940 0.037 -0.004 0.098 0.581 0.040  0.347 0.033  0.682 0.034 1
SN 1997dt 2   22 59 54.90 +15 59 23.2 18.007 0.082 -0.213 0.208 0.547 0.091  0.332 0.069  0.728 0.075 1
SN 1997dt 3   22 59 57.02 +15 56 18.8 16.646 0.047  0.167 0.122 0.767 0.051  0.434 0.041  0.911 0.044 1
SN 1997dt 4   23 00 07.16 +15 57 04.8 16.520 0.045  0.894 0.117 1.051 0.049  0.639 0.039  1.209 0.042 1
SN 1997dt 5   23 00 15.93 +15 56 24.4 18.056 0.084 -0.086 0.213 0.543 0.093  0.346 0.071  0.734 0.077 1
SN 1997dt 6   23 00 13.88 +15 57 11.1 15.256 0.030  0.143 0.082 0.790 0.032  0.464 0.027  0.951 0.029 1
SN 1997dt 7   23 00 13.03 +15 58 55.3 16.807 0.050 -0.182 0.130 0.547 0.055  0.338 0.043  0.708 0.046 1
SN 1997dt 8   23 00 14.85 +16 00 25.1 17.785 0.075 -0.077 0.190 0.573 0.083  0.362 0.063  0.711 0.069 1
SN 1997dt 9   23 00 10.63 +15 59 45.5 17.496 0.066  0.247 0.169 0.785 0.073  0.463 0.056  0.883 0.061 1
SN 1997dt 10  23 00 06.65 +15 59 43.2 17.146 0.057  0.019 0.147 0.659 0.063  0.381 0.049  0.808 0.053 1
SN 1998D  1   14 03 11.93 +34 49 23.6 15.350 0.013  0.082 0.049 0.672 0.014  0.370 0.007  0.755 0.029 3
SN 1998D  2   14 03 10.88 +34 48 48.1 16.041 0.012 -0.059 0.042 0.584 0.012  0.354 0.010  0.725 0.027 4
SN 1998D  3   14 02 57.85 +34 47 36.6 16.896 0.014  0.037 0.067 0.724 0.013  0.427 0.009  0.900 0.015 4
SN 1998D  4   14 02 53.98 +34 47 12.0 17.567 0.012 -0.016 0.063 0.038 0.015  0.015 0.014  0.123 0.045 4
SN 1998D  5   14 02 51.94 +34 47 00.5 15.281 0.014  0.336 0.053 0.780 0.016  0.445 0.007  0.878 0.029 3
SN 1998D  6   14 02 46.22 +34 46 31.8 15.687 0.013  0.608 0.048 0.904 0.016  0.559 0.011  1.057 0.032 4
SN 1998D  7   14 02 56.40 +34 43 34.8 15.889 0.015 -0.054 0.041 0.587 0.012  0.348 0.008  0.707 0.034 4
SN 1998D  8   14 02 55.85 +34 40 26.0 16.586 0.013 -0.075 0.044 0.587 0.010  0.344 0.008  0.703 0.019 4
SN 1998D  9   14 03 23.77 +34 43 51.6 15.522 0.013  0.032 0.040 0.600 0.011  0.341 0.010  0.707 0.031 4
SN 1998V  1   18 22 42.93 +15 43 30.7 15.705 0.011  0.434 0.050 0.894 0.013  0.516 0.007  1.007 0.012 5
SN 1998V  2   18 22 39.60 +15 44 39.8 16.421 0.014  0.169 0.051 0.653 0.016  0.409 0.008  0.813 0.012 5
SN 1998V  3   18 22 33.94 +15 44 06.1 16.029 0.012  0.156 0.053 0.732 0.024  0.425 0.013  0.864 0.011 5
SN 1998V  4   18 22 29.21 +15 43 47.4 16.437 0.010  0.194 0.048 0.810 0.013  0.480 0.007  0.978 0.013 5
SN 1998V  5   18 22 31.58 +15 41 12.9 17.034 0.011  0.246 0.045 0.848 0.010  0.524 0.009  1.070 0.019 5
SN 1998V  6   18 22 34.57 +15 40 59.2 16.513 0.011  0.616 0.058 1.074 0.036  0.639 0.009  1.291 0.013 5
SN 1998V  7   18 22 35.69 +15 40 25.7 16.180 0.011  0.381 0.042 0.890 0.011  0.529 0.007  1.040 0.011 5
SN 1998V  8   18 22 37.15 +15 40 02.0 16.120 0.011  0.208 0.043 0.784 0.016  0.479 0.008  0.968 0.012 5
SN 1998V  9   18 22 39.65 +15 39 55.5 16.129 0.012  0.746 0.044 1.113 0.012  0.642 0.007  1.263 0.014 5
SN 1998V  10  18 22 43.56 +15 40 37.2 16.653 0.012  0.678 0.041 1.141 0.013  0.664 0.008  1.339 0.013 5
SN 1998V  11  18 22 39.20 +15 41 17.4 16.101 0.012  0.957 0.042 1.117 0.013  0.670 0.008  1.258 0.014 5
SN 1998ab 1   12 48 27.54 +41 57 37.0 15.196 0.013  0.306 0.044 0.754 0.011  0.420 0.009  0.814 0.023 4
SN 1998ab 2   12 48 29.50 +41 56 43.4 17.322 0.012  0.612 0.043 0.890 0.012  0.538 0.009  1.041 0.020 5
SN 1998ab 3   12 48 35.46 +41 55 35.9 17.430 0.013 -0.044 0.042 0.671 0.016  0.431 0.010  0.899 0.034 5
SN 1998ab 4   12 48 44.97 +41 53 37.3 18.253 0.013              1.426 0.031  0.894 0.013  1.746 0.014 5
SN 1998ab 5   12 48 47.63 +41 53 09.1 16.361 0.011 -0.552 0.042 0.135 0.011 -0.038 0.013 -0.055 0.028 5
SN 1998ab 6   12 48 56.78 +41 52 30.7 15.648 0.010 -0.055 0.041 0.587 0.013  0.337 0.009  0.676 0.020 5
SN 1998ab 7   12 49 02.45 +41 53 04.5 16.189 0.011  0.408 0.042 0.816 0.014  0.449 0.008  0.876 0.018 5
SN 1998ab 8   12 49 02.01 +41 55 17.6 17.318 0.014  1.194 0.095 1.377 0.020  0.879 0.010  1.729 0.019 5
SN 1998ab 9   12 48 59.07 +41 57 15.3 17.300 0.011  1.311 0.272 1.569 0.013  1.010 0.013  2.201 0.011 5
SN 1998bp 1   17 54 50.25 +18 20 13.9 17.290 0.014  1.276 0.117 1.330 0.020  0.814 0.014  1.515 0.017 6
SN 1998bp 2   17 54 48.77 +18 21 05.7 16.960 0.013  0.062 0.049 0.658 0.019  0.378 0.008  0.750 0.011 6
SN 1998bp 3   17 54 48.24 +18 20 43.5 16.565 0.014  0.094 0.044 0.662 0.014  0.387 0.009  0.768 0.016 6
SN 1998bp 4   17 54 44.94 +18 19 44.9 16.987 0.014  0.597 0.044 0.881 0.015  0.508 0.010  0.977 0.015 6
SN 1998bp 5   17 54 44.30 +18 18 37.9 15.575 0.015  0.389 0.044 0.812 0.014  0.466 0.008  0.906 0.012 6
SN 1998bp 6   17 54 46.13 +18 18 04.0 16.122 0.015  0.285 0.042 0.771 0.015  0.443 0.008  0.884 0.011 6
SN 1998bp 7   17 54 52.68 +18 17 30.1 16.492 0.014  0.142 0.045 0.712 0.014  0.408 0.007  0.816 0.012 6
SN 1998bp 8   17 54 54.92 +18 18 40.0 18.093 0.012  0.052 0.041 0.658 0.022  0.381 0.011  0.766 0.020 6
SN 1998bp 9   17 54 52.72 +18 19 33.9 16.783 0.015  0.275 0.047 0.735 0.013  0.411 0.009  0.813 0.020 6
SN 1998bp 10  17 54 55.65 +18 20 09.3 17.219 0.013  0.105 0.045 0.678 0.018  0.411 0.008  0.821 0.022 6
SN 1998bp 11  17 54 56.27 +18 20 25.0 15.992 0.015 -0.077 0.045 0.500 0.013  0.315 0.008  0.653 0.013 6
SN 1998co 1   21 47 44.17 -13 08 23.1 16.237 0.012  0.539 0.042 0.894 0.012  0.535 0.012  1.016 0.009 3
SN 1998co 2   21 47 47.13 -13 12 11.7 17.779 0.018  0.053 0.059 0.681 0.028  0.416 0.012  0.811 0.031 3
SN 1998co 3   21 47 45.79 -13 12 37.3 17.968 0.018  1.240 0.247 1.208 0.017  0.751 0.007  1.396 0.024 3
SN 1998co 4   21 47 42.14 -13 13 36.0 14.245 0.024 -0.045 0.042 0.568 0.025  0.338 0.023  0.667 0.024 3
SN 1998co 5   21 47 41.21 -13 13 08.7 16.837 0.011  0.591 0.063 0.815 0.069  0.508 0.007  0.944 0.012 3
SN 1998co 6   21 47 37.19 -13 11 27.8 14.691 0.011  0.157 0.041 0.715 0.011  0.409 0.009  0.797 0.025 3
SN 1998co 7   21 47 37.15 -13 11 48.8 16.011 0.012  0.153 0.045 0.705 0.013  0.404 0.008  0.777 0.020 3
SN 1998co 8   21 47 37.39 -13 12 58.6 16.248 0.011  0.068 0.042 0.659 0.011  0.392 0.009  0.768 0.019 3
SN 1998co 9   21 47 34.34 -13 13 20.7 16.371 0.012  0.315 0.045 0.801 0.011  0.467 0.007  0.912 0.013 3
SN 1998co 10  21 47 30.18 -13 11 08.3 16.583 0.014  0.092 0.048 0.655 0.010  0.375 0.007  0.747 0.017 2
SN 1998de 1   00 48 06.02 +27 37 47.0 17.247 0.017  0.991 0.050 1.059 0.013  0.605 0.011  1.140 0.014 5
SN 1998de 2   00 48 05.00 +27 37 16.0 17.968 0.015  0.072 0.047 0.622 0.012  0.382 0.012  0.794 0.015 5
SN 1998de 3   00 48 03.80 +27 39 24.4 17.898 0.012  1.096 0.119 1.490 0.017  0.942 0.012  1.870 0.013 5
SN 1998de 4   00 48 21.44 +27 35 50.6 17.620 0.012  0.620 0.059 0.962 0.012  0.577 0.009  1.110 0.011 5
SN 1998de 5   00 48 16.70 +27 33 55.2 17.795 0.015  0.762 0.065 0.992 0.012  0.595 0.009  1.136 0.020 5
SN 1998de 6   00 48 00.04 +27 33 48.7 16.941 0.013 -0.058 0.048 0.557 0.010  0.340 0.008  0.711 0.012 5
SN 1998de 7   00 47 47.53 +27 34 32.6 17.079 0.019  1.217 0.227 1.556 0.013  0.992 0.026  2.113 0.026 3
SN 1998de 8   00 47 50.70 +27 39 26.1 16.543 0.011  0.543 0.068 0.895 0.011  0.522 0.009  1.012 0.010 5
SN 1998dh 1   23 14 27.33 +04 30 10.4 16.180 0.014  1.228 0.044 1.240 0.011  0.775 0.008  1.462 0.016 5
SN 1998dh 2   23 14 39.10 +04 29 59.2 16.065 0.013  0.557 0.085 0.965 0.013  0.543 0.008  1.073 0.012 5
SN 1998dh 3   23 14 43.25 +04 28 31.4 16.942 0.013  0.165 0.042 0.747 0.013  0.428 0.008  0.863 0.018 5
SN 1998dh 4   23 14 50.84 +04 29 37.6 16.454 0.012  0.560 0.073 0.930 0.013  0.556 0.009  1.099 0.014 5
SN 1998dh 5   23 14 49.56 +04 30 46.0 17.268 0.011  0.375 0.043 0.875 0.013  0.533 0.008  1.054 0.011 5
SN 1998dh 6   23 14 57.13 +04 30 24.6 16.636 0.011 -0.216 0.041 0.604 0.010  0.398 0.008  0.831 0.013 5
SN 1998dh 7   23 14 55.76 +04 30 56.2 16.036 0.011  0.533 0.041 0.917 0.011  0.537 0.007  1.036 0.012 5
SN 1998dh 8   23 14 50.34 +04 33 22.8 17.539 0.011  0.185 0.048 0.768 0.011  0.470 0.010  0.927 0.016 5
SN 1998dk 1   00 14 27.99 -00 44 47.9 17.367 0.012  1.141 0.072 1.186 0.012  0.745 0.010  1.401 0.010 4
SN 1998dk 2   00 14 25.04 -00 45 04.2 17.751 0.011  0.014 0.041 0.671 0.012  0.393 0.009  0.804 0.014 4
SN 1998dk 3   00 14 27.39 -00 45 32.6 16.248 0.020  1.153 0.052 1.478 0.015  0.983 0.018  2.124 0.015 4
SN 1998dk 4   00 14 21.31 -00 47 59.2 17.197 0.014  0.395 0.051 0.806 0.015  0.445 0.009  0.875 0.019 4
SN 1998dk 5   00 14 38.33 -00 46 56.6 17.374 0.018  0.125 0.042 0.717 0.011  0.410 0.010  0.809 0.010 4
SN 1998dk 6   00 14 41.27 -00 40 36.5 17.349 0.019  1.232 0.154 1.537 0.024  1.064 0.031  2.425 0.014 4
SN 1998dk 7   00 14 26.63 -00 41 15.9 16.705 0.014  1.354 0.057 1.307 0.014  0.829 0.010  1.581 0.013 4
SN 1998dm 1   01 26 12.33 -06 06 01.0 16.125 0.011  0.933 0.048 1.036 0.010  0.618 0.007  1.146 0.012 4
SN 1998dm 2   01 26 09.10 -06 05 58.2 16.953 0.012  0.876 0.045 1.046 0.011  0.629 0.008  1.181 0.013 4
SN 1998dm 3   01 26 07.15 -06 05 32.7 17.633 0.013  1.310 0.083 1.460 0.017  0.930 0.012  1.875 0.010 4
SN 1998dm 4   01 26 05.77 -06 05 58.9 17.742 0.012  0.406 0.046 0.826 0.011  0.457 0.008  0.910 0.014 4
SN 1998dm 5   01 26 11.93 -06 01 46.8 17.304 0.017  0.974 0.120 1.525 0.015  1.026 0.023  2.239 0.016 4
SN 1998dm 6   01 26 04.64 -06 02 06.3 15.238 0.011  0.156 0.041 0.674 0.012  0.381 0.008  0.753 0.011 4
SN 1998dm 7   01 25 57.54 -06 07 33.3 16.063 0.015  1.192 0.042 1.359 0.012  0.865 0.009  1.656 0.010 4
SN 1998dm 8   01 26 05.16 -06 09 10.3 16.170 0.013  0.713 0.044 0.937 0.012  0.542 0.008  1.048 0.010 4
SN 1998dm 9   01 26 20.60 -06 03 32.5 16.699 0.018  1.146 0.049 1.471 0.011  0.982 0.020  2.117 0.011 4
SN 1998dx 1   18 11 05.17 +49 50 20.8 15.413 0.010  0.021 0.043 0.625 0.014  0.368 0.008  0.734 0.021 3
SN 1998dx 2   18 11 08.65 +49 49 43.8 15.808 0.011  0.094 0.046 0.680 0.014  0.398 0.008  0.781 0.014 3
SN 1998dx 3   18 11 17.65 +49 49 47.6 16.869 0.011  0.544 0.040 0.844 0.014  0.480 0.009  0.891 0.025 3
SN 1998dx 4   18 11 29.28 +49 50 03.9 16.360 0.010  0.220 0.042 0.740 0.017  0.421 0.008  0.800 0.011 3
SN 1998dx 5   18 11 30.26 +49 51 53.9 16.429 0.012 -0.068 0.046 0.602 0.015  0.364 0.010  0.720 0.016 3
SN 1998dx 6   18 11 30.58 +49 54 19.4 16.009 0.011 -0.067 0.040 0.616 0.014  0.376 0.012  0.748 0.014 3
SN 1998dx 7   18 11 22.96 +49 53 00.6 15.312 0.010  0.037 0.044 0.650 0.014  0.388 0.011  0.751 0.017 3
SN 1998dx 8   18 10 56.96 +49 53 15.1 15.152 0.012  0.013 0.042 0.566 0.014  0.340 0.010  0.663 0.022 3
SN 1998ec 1   06 53 00.72 +50 03 50.2 16.886 0.011  0.582 0.050 0.937 0.012  0.543 0.007  1.045 0.010 4
SN 1998ec 2   06 52 48.81 +50 04 05.6 16.139 0.011  0.156 0.041 0.716 0.013  0.411 0.007  0.821 0.011 4
SN 1998ec 3   06 52 55.76 +50 02 40.8 17.628 0.010  1.171 0.178 1.483 0.016  0.953 0.015  1.903 0.010 4
SN 1998ec 4   06 52 53.61 +50 01 07.9 16.845 0.011  0.132 0.044 0.712 0.015  0.410 0.009  0.804 0.016 4
SN 1998ec 5   06 52 53.13 +50 00 53.5 18.101 0.010  1.112 0.217 1.238 0.025  0.786 0.010  1.454 0.020 4
SN 1998ec 6   06 52 57.30 +49 59 59.4 17.243 0.014  0.932 0.040 1.105 0.013  0.669 0.009  1.270 0.014 4
SN 1998ec 7   06 52 58.94 +49 58 57.6 16.018 0.012  0.127 0.042 0.713 0.012  0.410 0.007  0.804 0.016 4
SN 1998ec 8   06 53 07.87 +50 01 29.3 17.788 0.014  0.258 0.044 0.779 0.019  0.449 0.013  0.912 0.011 4
SN 1998ec 9   06 53 11.40 +50 01 06.1 16.161 0.012  0.075 0.041 0.711 0.013  0.409 0.007  0.818 0.010 4
SN 1998ec 10  06 53 14.07 +50 00 54.6 17.367 0.013  0.890 0.040 1.055 0.014  0.634 0.009  1.199 0.013 4
SN 1998ec 11  06 53 21.78 +50 00 41.7 16.206 0.012  0.444 0.050 0.867 0.014  0.489 0.007  0.950 0.012 4
SN 1998ec 12  06 53 18.34 +50 01 32.1 16.723 0.013  0.078 0.042 0.660 0.016  0.385 0.009  0.764 0.015 4
SN 1998ec 13  06 53 17.10 +50 04 26.3 16.563 0.011  0.128 0.040 0.712 0.013  0.431 0.007  0.879 0.012 4
SN 1998ef 1   01 03 28.07 +32 14 23.8 16.428 0.011  0.394 0.060 0.849 0.030  0.498 0.020  0.976 0.019 2
SN 1998ef 2   01 03 15.87 +32 15 51.4 15.622 0.011  0.003 0.042 0.619 0.019  0.378 0.016  0.758 0.020 2
SN 1998ef 3   01 03 21.89 +32 13 11.1 17.391 0.042  0.636 0.162 0.878 0.024  0.450 0.008  0.865 0.017 2
SN 1998ef 4   01 03 19.05 +32 11 40.5 15.695 0.011  0.373 0.040 0.816 0.017  0.463 0.014  0.899 0.013 2
SN 1998ef 5   01 03 24.54 +32 11 43.8 17.316 0.010  0.123 0.059 0.695 0.014  0.430 0.007  0.842 0.019 2
SN 1998ef 6   01 03 28.39 +32 13 39.4 17.036 0.010  0.312 0.041 0.785 0.028  0.447 0.020  0.869 0.010 2
SN 1998ef 7   01 03 38.20 +32 12 10.5 17.424 0.012  0.747 0.164 1.004 0.048  0.608 0.013  1.140 0.009 2
SN 1998ef 8   01 03 34.44 +32 15 15.0 16.021 0.010  0.166 0.048 0.781 0.014  0.459 0.015  0.913 0.011 2
SN 1998ef 9   01 03 33.59 +32 15 28.9 17.498 0.011  0.973 0.169 1.535 0.034  1.067 0.057  2.421 0.012 2
SN 1998eg 1   22 39 42.06 +08 39 15.3 16.067 0.038  0.153 0.101 0.757 0.041  0.425 0.034  0.856 0.036 1
SN 1998eg 2   22 39 40.85 +08 38 03.9 16.985 0.054  0.174 0.138 0.874 0.059  0.516 0.046  1.039 0.050 1
SN 1998eg 3   22 39 31.99 +08 33 39.8 16.504 0.045  0.103 0.117 0.818 0.049  0.471 0.039  0.949 0.041 1
SN 1998eg 4   22 39 27.33 +08 35 31.9 17.143 0.057  1.151 0.147 1.206 0.063  0.715 0.049  1.308 0.053 1
SN 1998eg 5   22 39 24.30 +08 33 04.1 15.762 0.035  0.698 0.093 1.073 0.037  0.590 0.031  1.174 0.033 1
SN 1998eg 6   22 39 22.24 +08 35 12.0 16.749 0.049  0.488 0.127 0.893 0.054  0.540 0.042  1.052 0.045 1
SN 1998eg 7   22 39 17.61 +08 36 11.0 16.640 0.047  0.819 0.122 1.111 0.051  0.604 0.041  1.212 0.044 1
SN 1998eg 8   22 39 17.74 +08 36 34.8 16.566 0.046  0.400 0.119 0.894 0.050  0.500 0.040  1.021 0.042 1
SN 1998es 1   01 37 18.27 +05 52 55.6 15.423 0.011 -0.023 0.041 0.589 0.014  0.367 0.009  0.742 0.014 4
SN 1998es 2   01 37 27.84 +05 53 48.7 16.633 0.011 -0.032 0.050 0.635 0.012  0.391 0.007  0.783 0.012 4
SN 1998es 3   01 37 28.69 +05 53 56.3 17.006 0.011  0.663 0.050 0.937 0.022  0.565 0.008  1.088 0.014 4
SN 1998es 4   01 37 32.42 +05 51 35.6 15.932 0.010  0.617 0.057 0.921 0.017  0.547 0.009  1.041 0.015 4
SN 1998es 5   01 37 17.72 +05 50 51.4 16.745 0.011  1.361 0.076 1.385 0.025  0.897 0.011  1.755 0.014 4
SN 1998es 6   01 37 15.25 +05 49 34.3 16.841 0.010  0.654 0.045 0.899 0.018  0.536 0.007  1.005 0.013 4
SN 1998es 7   01 37 11.74 +05 48 35.2 16.162 0.015  1.217 0.045 1.445 0.020  0.973 0.015  1.996 0.019 4
SN 1999X  1   08 54 24.12 +36 30 35.4 15.229 0.012  0.478 0.040 0.871 0.011  0.539 0.010  1.071 0.013 3
SN 1999X  2   08 54 11.00 +36 29 33.0 15.137 0.013  0.184 0.041 0.717 0.010  0.416 0.010  0.821 0.017 3
SN 1999X  3   08 54 16.57 +36 28 39.9 15.524 0.015  0.119 0.053 0.673 0.030  0.399 0.013  0.806 0.014 2
SN 1999X  4   08 54 23.31 +36 28 07.6 16.596 0.011  0.496 0.042 0.843 0.011  0.488 0.007  0.953 0.020 3
SN 1999X  5   08 54 14.21 +36 26 25.3 17.534 0.012              1.448 0.013  0.958 0.007  1.971 0.016 3
SN 1999X  6   08 54 38.42 +36 26 20.2 16.801 0.013  0.016 0.043 0.575 0.011  0.347 0.007  0.700 0.031 3
SN 1999X  7   08 54 42.96 +36 27 01.3 16.026 0.013  1.173 0.055 1.463 0.017  0.953 0.008  1.930 0.018 3
SN 1999X  8   08 54 52.59 +36 30 54.5 16.711 0.012  1.140 0.073 1.122 0.011  0.668 0.007  1.236 0.018 3
SN 1999X  9   08 54 53.73 +36 31 21.1 16.884 0.014  0.595 0.042 0.892 0.011  0.538 0.009  1.050 0.012 3
SN 1999X  10  08 54 43.86 +36 33 26.8 16.979 0.014  0.416 0.047 0.820 0.012  0.458 0.008  0.903 0.012 3
SN 1999X  11  08 54 44.30 +36 34 22.8 17.323 0.011  0.934 0.158 1.424 0.014  0.921 0.007  1.826 0.020 3
SN 1999X  12  08 54 35.63 +36 31 13.4 17.068 0.011  1.259 0.143 1.256 0.011  0.798 0.007  1.496 0.018 3
SN 1999aa 1   08 27 37.96 +21 26 48.5 15.595 0.028  0.376 0.054 0.758 0.019  0.417 0.012  0.805 0.014 4
SN 1999aa 2   08 27 40.83 +21 27 21.3 15.835 0.015  0.436 0.045 0.828 0.011  0.465 0.011  0.908 0.011 4
SN 1999aa 3   08 27 53.81 +21 28 15.8 16.854 0.015  0.238 0.051 0.754 0.011  0.408 0.013  0.817 0.012 4
SN 1999aa 4   08 27 52.63 +21 28 57.1 16.543 0.014  0.008 0.041 0.599 0.012  0.354 0.008  0.705 0.010 4
SN 1999aa 5   08 27 53.95 +21 29 17.4 16.876 0.013  0.009 0.043 0.631 0.013  0.354 0.015  0.731 0.025 4
SN 1999aa 6   08 27 52.41 +21 29 34.1 14.572 0.010  0.038 0.041 0.578 0.011  0.336 0.024  0.667 0.019 4
SN 1999aa 7   08 27 43.33 +21 29 52.2 16.764 0.024  0.609 0.048 0.834 0.016  0.456 0.012  0.859 0.016 4
SN 1999aa 8   08 27 44.66 +21 31 11.8 15.380 0.014  0.173 0.057 0.727 0.013  0.393 0.010  0.781 0.012 4
SN 1999aa 9   08 27 37.39 +21 31 19.2 14.492 0.011 -0.062 0.041 0.506 0.011  0.304 0.024  0.619 0.012 4
SN 1999aa 10  08 27 37.33 +21 30 58.2 16.659 0.023  0.937 0.059 1.049 0.011  0.622 0.008  1.153 0.011 4
SN 1999aa 11  08 27 38.22 +21 29 54.9 15.104 0.014  0.119 0.041 0.666 0.011  0.393 0.009  0.770 0.011 4
SN 1999ac 1   16 07 05.51 +07 57 33.2 14.776 0.010  0.178 0.042 0.673 0.010  0.394 0.019  0.743 0.011 3
SN 1999ac 2   16 07 10.32 +07 55 53.8 15.728 0.011  0.052 0.044 0.653 0.012  0.387 0.015  0.748 0.011 3
SN 1999ac 3   16 07 20.41 +07 56 26.2 16.888 0.013  0.032 0.053 0.775 0.013  0.485 0.012  0.973 0.024 3
SN 1999ac 4   16 07 24.10 +07 58 12.3 16.869 0.011  0.031 0.045 0.688 0.016  0.399 0.010  0.770 0.013 3
SN 1999ac 5   16 07 23.90 +07 58 23.6 16.192 0.010  0.272 0.042 0.742 0.011  0.418 0.015  0.785 0.011 3
SN 1999ac 6   16 07 19.55 +07 58 37.3 15.839 0.010  0.764 0.061 1.104 0.014  0.609 0.014  1.179 0.011 3
SN 1999ac 7   16 07 26.19 +07 59 33.9 16.286 0.011  0.141 0.042 0.696 0.010  0.417 0.016  0.803 0.010 3
SN 1999cc 1   16 02 34.48 +37 20 34.6 15.663 0.011 -0.155 0.044 0.531 0.013  0.362 0.009  0.734 0.009 2
SN 1999cc 2   16 02 23.86 +37 20 25.5 16.054 0.012  1.276 0.056 1.359 0.011  0.867 0.009  1.656 0.012 2
SN 1999cc 3   16 02 31.18 +37 19 33.0 16.728 0.013  0.329 0.040 0.767 0.011  0.450 0.014  0.856 0.020 2
SN 1999cc 4   16 02 39.12 +37 19 08.0 16.866 0.014  0.141 0.044 0.699 0.016  0.412 0.010  0.838 0.015 2
SN 1999cc 5   16 02 43.52 +37 18 23.8 16.439 0.027  0.285 0.041 0.755 0.011  0.427 0.008  0.834 0.028 2
SN 1999cc 6   16 02 44.80 +37 19 37.3 16.425 0.019  0.531 0.067 0.902 0.021  0.538 0.011  1.056 0.013 2
SN 1999cc 7   16 02 58.15 +37 18 15.1 16.743 0.011  0.054 0.040 0.624 0.015  0.363 0.013  0.685 0.020 2
SN 1999cc 8   16 02 59.90 +37 18 17.9 16.668 0.048              0.851 0.052  0.539 0.041  1.097 0.044 1
SN 1999cc 9   16 02 58.78 +37 20 09.8 17.185 0.016  0.085 0.046 0.666 0.012  0.376 0.019  0.708 0.025 2
SN 1999cc 10  16 02 48.32 +37 23 39.2 16.545 0.010  0.944 0.068 1.181 0.016  0.733 0.010  1.392 0.011 2
SN 1999cc 11  16 02 39.21 +37 23 21.6 17.160 0.013 -0.213 0.148 0.518 0.014  0.347 0.007  0.716 0.017 2
SN 1999cc 12  16 02 45.46 +37 25 39.5 16.001 0.016 -0.068 0.041 0.560 0.010  0.357 0.010  0.710 0.010 2
SN 1999cl 1   12 31 37.92 +14 27 33.1 15.374 0.028 -0.095 0.043 0.570 0.014  0.341 0.011  0.693 0.025 3
SN 1999cl 2   12 31 49.45 +14 21 48.0 16.320 0.018  0.470 0.058 0.842 0.020  0.473 0.010  0.908 0.014 3
SN 1999cl 3   12 32 04.75 +14 23 15.6 14.991 0.025  0.257 0.045 0.765 0.022  0.438 0.009  0.848 0.023 3
SN 1999cl 4   12 32 05.24 +14 23 34.5 13.655 0.033  0.490 0.053 0.883 0.031  0.509 0.022  0.969 0.029 3
SN 1999cl 5   12 32 08.80 +14 28 44.1 14.712 0.026 -0.087 0.047 0.577 0.014  0.348 0.008  0.695 0.019 3
SN 1999cl 6   12 31 56.80 +14 28 12.9 17.561 0.016 -0.026 0.043 0.622 0.021  0.347 0.016  0.703 0.013 3
SN 1999cw 1   00 19 56.46 -06 23 10.7 14.926 0.011 -0.022 0.041 0.596 0.010  0.366 0.007  0.730 0.011 5
SN 1999cw 2   00 20 09.05 -06 24 15.6 16.608 0.016  1.163 0.062 1.501 0.023  1.031 0.010  2.224 0.014 4
SN 1999cw 3   00 20 01.04 -06 15 31.5 15.696 0.011  0.146 0.040 0.712 0.010  0.425 0.008  0.837 0.012 5
SN 1999cw 4   00 20 00.40 -06 18 09.9 14.719 0.013  1.096 0.040 1.107 0.011  0.667 0.010  1.226 0.018 5
SN 1999cw 5   00 19 53.92 -06 17 22.2 14.723 0.011  0.025 0.041 0.611 0.011  0.370 0.008  0.734 0.011 5
SN 1999cw 6   00 19 48.63 -06 16 26.0 16.742 0.011  0.595 0.043 1.015 0.011  0.556 0.008  1.093 0.014 5
SN 1999dq 1   02 33 53.71 +20 56 54.5 16.537 0.011  0.225 0.043 0.745 0.012  0.438 0.007  0.849 0.011 6
SN 1999dq 2   02 34 02.63 +20 56 29.0 14.976 0.011  0.096 0.041 0.695 0.011  0.414 0.007  0.829 0.012 6
SN 1999dq 3   02 34 04.45 +20 56 35.5 15.791 0.011  0.237 0.041 0.761 0.012  0.443 0.007  0.865 0.011 6
SN 1999dq 4   02 34 06.45 +21 00 12.9 15.497 0.010  0.149 0.041 0.716 0.011  0.423 0.007  0.833 0.011 6
SN 1999dq 5   02 33 59.23 +21 00 12.8 17.540 0.011  0.341 0.045 0.966 0.013  0.692 0.008  1.527 0.015 6
SN 1999dq 6   02 33 59.03 +20 59 18.6 16.780 0.011  1.549 0.119 1.429 0.016  0.905 0.008  1.743 0.014 6
SN 1999dq 7   02 34 04.42 +20 59 13.1 17.802 0.012 -0.152 0.044 0.540 0.014  0.369 0.010  0.747 0.023 6
SN 1999ef 1   00 58 42.23 +12 42 58.1 16.797 0.011  0.047 0.041 0.670 0.010  0.405 0.008  0.814 0.010 6
SN 1999ef 2   00 58 47.26 +12 41 49.0 15.961 0.011 -0.122 0.043 0.588 0.011  0.389 0.007  0.792 0.011 6
SN 1999ef 3   00 58 54.80 +12 47 21.6 16.871 0.011  1.121 0.107 1.210 0.014  0.756 0.009  1.433 0.013 6
SN 1999ef 4   00 58 48.58 +12 48 15.4 15.142 0.010  0.399 0.041 0.851 0.012  0.487 0.007  0.943 0.010 6
SN 1999ef 5   00 58 44.35 +12 47 56.1 16.254 0.010  0.270 0.045 0.793 0.012  0.466 0.007  0.914 0.011 6
SN 1999ef 6   00 58 38.25 +12 45 40.7 17.183 0.014  0.475 0.043 0.921 0.015  0.570 0.009  1.093 0.012 6
SN 1999ef 7   00 58 26.88 +12 41 22.7 17.775 0.011 -0.158 0.045 0.538 0.024  0.356 0.013  0.685 0.081 5
SN 1999ef 8   00 58 35.40 +12 41 07.0 17.778 0.013  0.787 0.189 1.063 0.015  0.658 0.012  1.243 0.030 6
SN 1999ej 1   01 23 04.61 +33 26 18.9 14.843 0.010  0.013 0.042 0.654 0.011  0.390 0.007  0.779 0.014 5
SN 1999ej 2   01 23 07.11 +33 26 21.4 16.608 0.011  1.161 0.051 1.154 0.015  0.681 0.008  1.250 0.012 5
SN 1999ej 3   01 23 05.42 +33 27 32.0 16.368 0.011  0.424 0.041 0.842 0.011  0.468 0.008  0.912 0.013 4
SN 1999ej 4   01 23 08.12 +33 27 25.2 16.588 0.013  0.131 0.044 0.698 0.011  0.409 0.008  0.808 0.015 5
SN 1999ej 5   01 23 08.12 +33 27 38.1 16.292 0.012  0.828 0.047 1.001 0.017  0.573 0.008  1.086 0.012 5
SN 1999ej 6   01 23 09.86 +33 28 18.0 17.134 0.014  0.401 0.043 0.890 0.013  0.517 0.010  0.999 0.013 5
SN 1999ej 7   01 23 02.20 +33 28 26.4 16.865 0.011  0.222 0.042 0.810 0.012  0.480 0.007  0.933 0.013 5
SN 1999ej 8   01 23 06.16 +33 30 26.1 16.537 0.012  0.106 0.041 0.724 0.013  0.418 0.010  0.839 0.011 5
SN 1999ej 9   01 22 57.10 +33 30 35.6 16.634 0.011  1.075 0.070 1.580 0.017  1.012 0.008  2.110 0.020 5
SN 1999ej 10  01 22 56.29 +33 29 28.9 15.959 0.011  0.237 0.042 0.719 0.012  0.408 0.007  0.797 0.011 5
SN 1999ej 11  01 22 48.92 +33 31 04.0 17.435 0.014  0.449 0.049 0.896 0.023  0.509 0.013  0.992 0.015 5
SN 1999ej 12  01 22 43.02 +33 30 46.9 17.501 0.017 -0.011 0.053 0.619 0.017  0.364 0.009  0.736 0.017 5
SN 1999ek 1   05 36 42.31 +16 36 24.5 15.152 0.012  0.281 0.046 0.840 0.022  0.543 0.007  1.089 0.009 4
SN 1999ek 2   05 36 42.94 +16 36 32.7 16.480 0.011  1.159 0.078 1.422 0.027  0.850 0.008  1.663 0.013 4
SN 1999ek 3   05 36 41.35 +16 36 50.9 15.130 0.012  1.720 0.072 1.627 0.029  0.926 0.027  1.778 0.015 4
SN 1999ek 4   05 36 39.67 +16 38 09.1 16.485 0.011  0.394 0.044 0.983 0.024  0.607 0.008  1.202 0.011 4
SN 1999ek 5   05 36 39.79 +16 38 32.5 15.681 0.012  0.276 0.045 0.690 0.022  0.440 0.008  0.909 0.013 4
SN 1999ek 6   05 36 43.52 +16 40 43.4 15.095 0.011  0.520 0.047 1.016 0.023  0.609 0.008  1.205 0.010 4
SN 1999ek 7   05 36 31.16 +16 41 10.8 16.302 0.011  0.267 0.052 0.873 0.022  0.564 0.007  1.140 0.009 4
SN 1999ek 8   05 36 26.63 +16 40 18.5 16.368 0.012  0.294 0.060 0.914 0.024  0.590 0.008  1.164 0.011 4
SN 1999ek 9   05 36 27.33 +16 39 42.6 15.165 0.011  0.431 0.048 0.996 0.021  0.614 0.008  1.209 0.010 4
SN 1999ek 10  05 36 26.91 +16 36 57.4 15.330 0.012  0.344 0.046 0.924 0.024  0.598 0.008  1.195 0.011 4
SN 1999ek 11  05 36 33.73 +16 36 45.6 15.737 0.012  0.461 0.041 0.784 0.022  0.493 0.007  0.993 0.011 4
SN 1999ek 12  05 36 30.63 +16 37 55.4 16.282 0.012  0.266 0.049 0.847 0.018  0.561 0.007  1.116 0.011 4
SN 1999gd 1   08 38 22.74 +25 46 32.3 16.157 0.011  0.291 0.043 0.775 0.011  0.443 0.008  0.867 0.010 7
SN 1999gd 2   08 38 21.31 +25 45 57.2 17.472 0.011  0.273 0.053 0.797 0.012  0.457 0.009  0.894 0.012 7
SN 1999gd 3   08 38 11.48 +25 46 46.9 16.574 0.011  0.206 0.043 0.751 0.011  0.433 0.007  0.848 0.011 7
SN 1999gd 4   08 38 08.68 +25 46 06.2 15.832 0.011 -0.095 0.040 0.559 0.011  0.346 0.009  0.684 0.010 7
SN 1999gd 5   08 38 08.13 +25 46 18.4 16.904 0.011  0.013 0.043 0.629 0.011  0.384 0.007  0.754 0.012 7
SN 1999gd 6   08 38 22.88 +25 43 42.2 17.581 0.012              1.582 0.020  1.125 0.010  2.500 0.014 7
SN 1999gd 7   08 38 28.18 +25 44 51.6 17.577 0.011  0.371 0.050 0.841 0.012  0.497 0.008  0.943 0.018 7
SN 1999gd 8   08 38 33.00 +25 49 00.2 16.343 0.011 -0.051 0.042 0.603 0.011  0.361 0.007  0.717 0.010 7
SN 1999gd 9   08 38 25.52 +25 47 41.7 17.077 0.011 -0.040 0.043 0.587 0.012  0.350 0.007  0.699 0.009 7
SN 1999gh 1   09 44 23.52 -21 14 57.1 16.305 0.011  1.183 0.042 1.268 0.014  0.832 0.008  1.597 0.010 5
SN 1999gh 2   09 44 16.73 -21 15 46.6 16.766 0.022  1.125 0.069 1.150 0.016  0.712 0.010  1.376 0.017 5
SN 1999gh 3   09 44 14.27 -21 14 21.9 15.283 0.012  1.029 0.041 1.052 0.012  0.596 0.008  1.090 0.010 5
SN 1999gh 4   09 44 12.53 -21 16 01.8 15.470 0.012  0.257 0.040 0.730 0.012  0.412 0.008  0.791 0.011 5
SN 1999gh 5   09 44 19.24 -21 17 43.0 15.683 0.011 -0.073 0.040 0.571 0.011  0.349 0.008  0.700 0.009 5
SN 1999gh 6   09 44 21.44 -21 17 49.4 16.504 0.013  1.082 0.105 1.076 0.013  0.647 0.008  1.194 0.011 5
SN 1999gh 7   09 44 22.40 -21 18 12.3 17.084 0.015  0.375 0.055 0.795 0.013  0.449 0.009  0.846 0.018 5
SN 1999gh 8   09 44 22.84 -21 18 34.5 15.635 0.011  0.055 0.041 0.638 0.011  0.367 0.009  0.725 0.012 5
SN 1999gh 9   09 44 20.84 -21 19 05.5 17.120 0.012  0.910 0.081 1.049 0.012  0.636 0.010  1.182 0.020 5
SN 1999gh 10  09 44 23.39 -21 19 06.2 15.611 0.012  0.243 0.041 0.733 0.012  0.419 0.008  0.807 0.009 5
SN 1999gh 11  09 44 27.93 -21 19 01.0 15.681 0.011  0.963 0.049 1.065 0.011  0.673 0.009  1.288 0.009 5
SN 1999gp 1   02 31 48.99 +39 24 30.0 16.469 0.011  0.077 0.041 0.682 0.010  0.403 0.009  0.790 0.014 5
SN 1999gp 2   02 31 45.65 +39 23 57.6 16.547 0.011  1.124 0.076 1.156 0.012  0.697 0.009  1.272 0.013 5
SN 1999gp 3   02 31 37.46 +39 23 36.8 16.838 0.011  0.686 0.050 0.960 0.010  0.549 0.008  1.021 0.016 5
SN 1999gp 4   02 31 36.00 +39 24 14.8 14.364 0.011  0.330 0.041 0.794 0.010  0.440 0.007  0.852 0.011 4
SN 1999gp 5   02 31 30.97 +39 24 05.8 15.836 0.011 -0.019 0.041 0.577 0.011  0.361 0.008  0.712 0.013 5
SN 1999gp 6   02 31 30.61 +39 20 21.3 15.800 0.011  0.410 0.042 0.880 0.011  0.496 0.007  0.957 0.012 5
SN 1999gp 7   02 31 37.44 +39 21 54.3 16.846 0.012  0.526 0.045 0.869 0.011  0.510 0.008  0.984 0.015 5
SN 1999gp 8   02 31 38.95 +39 21 46.6 14.481 0.010  0.024 0.040 0.571 0.011  0.334 0.007  0.658 0.015 5
SN 1999gp 9   02 31 41.78 +39 20 10.8 16.214 0.011  0.822 0.042 1.025 0.011  0.614 0.007  1.137 0.011 5
SN 1999gp 10  02 31 52.97 +39 21 00.5 16.280 0.011  0.599 0.051 0.932 0.013  0.532 0.008  0.996 0.013 5
SN 1999gp 11  02 31 49.18 +39 21 56.9 16.272 0.014 -0.015 0.041 0.461 0.011  0.318 0.008  0.666 0.015 5
SN 1999gp 12  02 31 51.74 +39 23 37.5 14.874 0.010  0.571 0.042 0.893 0.011  0.500 0.007  0.941 0.012 5
SN 2000B  1   07 05 42.01 +50 35 32.5 14.637 0.012  0.037 0.040 0.623 0.011  0.366 0.009  0.743 0.009 6
SN 2000B  2   07 05 51.38 +50 37 15.6 15.252 0.012 -0.087 0.040 0.511 0.010  0.315 0.008  0.641 0.009 6
SN 2000B  3   07 05 53.69 +50 37 52.2 16.087 0.012  0.202 0.040 0.757 0.011  0.427 0.007  0.836 0.010 6
SN 2000B  4   07 05 36.09 +50 38 31.8 16.073 0.013  0.364 0.042 0.849 0.011  0.499 0.008  0.968 0.010 6
SN 2000B  5   07 05 28.49 +50 38 24.7 15.394 0.012  0.056 0.040 0.646 0.011  0.372 0.007  0.739 0.011 6
SN 2000B  6   07 05 30.35 +50 38 09.1 15.330 0.013 -0.090 0.040 0.530 0.011  0.326 0.008  0.659 0.010 6
SN 2000B  7   07 05 30.27 +50 37 23.1 15.521 0.012  0.039 0.040 0.606 0.011  0.347 0.007  0.689 0.010 6
SN 2000B  8   07 05 26.45 +50 35 51.4 15.855 0.012  0.725 0.045 0.979 0.012  0.570 0.007  1.088 0.011 6
SN 2000B  9   07 05 26.01 +50 35 06.8 16.517 0.011  0.116 0.040 0.658 0.011  0.378 0.007  0.731 0.010 6
SN 2000B  10  07 05 24.05 +50 33 18.8 14.606 0.011 -0.074 0.040 0.487 0.011  0.292 0.012  0.585 0.009 6
SN 2000B  11  07 05 35.32 +50 33 58.8 15.636 0.012 -0.039 0.042 0.540 0.011  0.322 0.008  0.647 0.011 6
SN 2000B  12  07 05 41.67 +50 32 56.9 15.592 0.012  0.609 0.042 0.945 0.011  0.517 0.007  0.998 0.010 6
SN 2000ce 1   08 05 07.45 +66 46 00.0 15.821 0.035 -0.008 0.094 0.699 0.038  0.416 0.031  0.805 0.033 1
SN 2000ce 2   08 05 15.94 +66 44 21.3 13.455 0.022  0.134 0.065 0.703 0.023                           1
SN 2000ce 3   08 05 25.21 +66 44 26.3 15.782 0.035 -0.023 0.093 0.609 0.038  0.355 0.031  0.704 0.033 1
SN 2000ce 4   08 05 43.87 +66 45 05.1 15.031 0.028  0.118 0.079 0.700 0.030  0.399 0.026  0.776 0.027 1
SN 2000ce 5   08 05 37.00 +66 47 54.7 13.955 0.024 -0.087 0.067 0.526 0.024  0.328 0.022  0.651 0.023 1
SN 2000ce 6   08 05 45.57 +66 51 58.7 14.093 0.024  0.692 0.068 1.005 0.025  0.549 0.023  1.060 0.023 1
SN 2000ce 7   08 05 18.27 +66 49 49.7 15.277 0.030  0.195 0.083 0.721 0.032  0.401 0.028  0.777 0.029 1
SN 2000ce 8   08 04 23.74 +66 49 18.3 14.314 0.025  0.059 0.070 0.676 0.026  0.376 0.023  0.743 0.024 1
SN 2000ce 9   08 04 25.82 +66 42 56.3 15.480 0.032  0.404 0.087 0.936 0.034  0.525 0.029  1.031 0.030 1
SN 2000ce 10  08 04 39.59 +66 42 33.8 15.416 0.031 -0.028 0.085 0.599 0.034  0.350 0.028  0.672 0.030 1
SN 2000ce 11  08 05 11.23 +66 42 26.9 14.942 0.028  0.285 0.077 0.743 0.029  0.432 0.026  0.820 0.027 1
SN 2000cf 1   15 52 58.02 +65 55 36.0 15.914 0.016  0.174 0.062 0.704 0.012  0.419 0.014  0.789 0.028 2
SN 2000cf 2   15 52 42.68 +65 54 45.7 17.080 0.015              1.342 0.010  0.869 0.016  1.620 0.012 2
SN 2000cf 3   15 52 28.84 +65 56 33.7 15.848 0.012  0.990 0.095 1.138 0.014  0.728 0.008  1.333 0.010 2
SN 2000cf 4   15 52 37.02 +66 00 18.0 15.353 0.014  0.056 0.042 0.669 0.014  0.411 0.010  0.773 0.009 2
SN 2000cf 5   15 52 45.76 +65 59 20.4 15.490 0.012  0.625 0.248 0.926 0.014  0.551 0.008  0.991 0.010 2
SN 2000cf 6   15 52 51.53 +65 58 51.0 16.598 0.023  0.638 0.120 0.923 0.010  0.529 0.015  0.957 0.024 2
SN 2000cf 7   15 52 57.95 +65 59 10.2 16.015 0.024  0.546 0.040 0.874 0.016  0.526 0.021  0.975 0.020 2
SN 2000cf 8   15 53 08.27 +65 59 34.1 14.739 0.018 -0.022 0.045 0.568 0.011  0.344 0.008  0.650 0.017 2
SN 2000cf 9   15 53 29.51 +65 59 40.1 16.130 0.013  0.225 0.054 0.754 0.011  0.435 0.008  0.805 0.018 2
SN 2000cf 10  15 53 30.37 +65 57 32.5 16.378 0.013  0.739 0.112 1.000 0.024  0.585 0.009  1.059 0.012 2
SN 2000cf 11  15 53 27.12 +65 56 33.5 15.797 0.020  0.284 0.055 0.746 0.017  0.428 0.014  0.793 0.018 2
SN 2000cn 1   17 57 29.79 +27 51 24.1 14.643 0.018  0.337 0.041 0.734 0.010  0.403 0.024  0.781 0.012 2
SN 2000cn 2   17 57 27.62 +27 49 22.8 16.512 0.021  0.886 0.046 0.989 0.010  0.619 0.015  1.158 0.016 2
SN 2000cn 3   17 57 27.11 +27 48 52.9 16.289 0.018  0.514 0.065 0.848 0.010  0.488 0.016  0.921 0.011 2
SN 2000cn 4   17 57 39.73 +27 49 28.5 14.873 0.018 -0.005 0.041 0.592 0.011  0.365 0.014  0.720 0.010 2
SN 2000cn 5   17 57 42.03 +27 49 23.8 15.624 0.019  0.336 0.040 0.732 0.013  0.418 0.008  0.793 0.011 2
SN 2000cn 6   17 57 42.73 +27 49 10.8 15.068 0.021  0.816 0.040 0.990 0.010  0.560 0.015  1.071 0.010 2
SN 2000cn 7   17 57 43.88 +27 47 49.1 15.905 0.012 -0.120 0.042 0.570 0.012  0.387 0.012  0.779 0.012 2
SN 2000cn 8   17 57 50.93 +27 49 54.5 15.441 0.018  0.097 0.044 0.629 0.012  0.383 0.012  0.742 0.011 2
SN 2000cn 9   17 57 47.87 +27 53 07.8 16.096 0.017  0.099 0.055 0.748 0.014  0.461 0.016  0.920 0.011 2
SN 2000cn 10  17 57 39.15 +27 50 54.1 15.960 0.020 -0.007 0.042 0.603 0.017  0.360 0.010  0.720 0.010 2
SN 2000cn 11  17 57 30.79 +27 52 59.8 16.328 0.020 -0.005 0.045 0.606 0.010  0.368 0.017  0.719 0.011 2
SN 2000cx 2   01 24 52.67 +09 31 48.9 13.490 0.022  0.303 0.045 0.804 0.023                           3
SN 2000cx 3   01 24 49.71 +09 34 24.1               0.051 0.040                                       2
SN 2000cx 4   01 24 40.49 +09 34 39.8 14.538 0.010  0.334 0.043 0.818 0.011  0.470 0.007  0.920 0.010 3
SN 2000cx 5   01 24 37.44 +09 32 55.8 17.199 0.011  0.285 0.118 0.754 0.014  0.432 0.013  0.854 0.015 3
SN 2000cx 6   01 24 31.62 +09 30 23.1 13.746 0.010  0.340 0.045 0.763 0.010               0.798 0.012 3
SN 2000cx 7   01 24 36.20 +09 28 50.3 17.147 0.010  0.010 0.042 0.699 0.010  0.422 0.013  0.949 0.141 3
SN 2000cx 8   01 24 39.00 +09 27 40.2 15.636 0.010  1.129 0.078 1.170 0.013  0.709 0.009  1.299 0.010 3
SN 2000dk 1   01 07 13.76 +32 20 46.7 14.312 0.010  0.212 0.041 0.719 0.013  0.409 0.023  0.785 0.011 2
SN 2000dk 2   01 07 21.20 +32 21 51.0 14.582 0.010  0.448 0.044 0.831 0.011  0.457 0.008  0.868 0.013 2
SN 2000dk 3   01 07 22.16 +32 22 18.6 15.972 0.011  0.121 0.042 0.673 0.017  0.395 0.010  0.775 0.009 2
SN 2000dk 4   01 07 38.60 +32 21 20.3 15.382 0.011  0.022 0.040 0.621 0.015  0.373 0.007  0.737 0.009 2
SN 2000dk 5   01 07 37.54 +32 25 39.0 16.083 0.010  1.211 0.106 1.522 0.012  0.994 0.015  2.066 0.017 2
SN 2000dk 6   01 07 38.92 +32 26 08.6 14.805 0.011  0.600 0.047 0.942 0.012  0.525 0.007  1.007 0.011 2
SN 2000dk 7   01 07 23.40 +32 25 31.2 15.991 0.010  1.085 0.045 1.116 0.013  0.681 0.007  1.239 0.009 2
SN 2000dk 8   01 07 09.84 +32 26 43.6 16.059 0.010  0.593 0.041 0.861 0.063  0.495 0.007  0.939 0.010 2
SN 2000dk 9   01 07 19.88 +32 23 39.9 15.794 0.011 -0.037 0.040 0.544 0.012  0.331 0.012  0.669 0.012 2
SN 2000fa 1   07 15 15.98 +23 28 24.3 15.206 0.013  0.108 0.041 0.687 0.010  0.394 0.008  0.771 0.011 4
SN 2000fa 2   07 15 21.55 +23 26 54.6 15.511 0.012  0.007 0.041 0.647 0.010  0.389 0.007  0.778 0.010 4
SN 2000fa 3   07 15 21.01 +23 25 23.5 15.444 0.013  0.178 0.041 0.713 0.011  0.403 0.008  0.781 0.011 4
SN 2000fa 4   07 15 16.94 +23 23 32.5 15.736 0.012  0.029 0.041 0.580 0.010  0.345 0.007  0.674 0.010 4
SN 2000fa 5   07 15 23.53 +23 22 53.6 15.890 0.013  0.001 0.041 0.533 0.011  0.327 0.007  0.643 0.014 4
SN 2000fa 6   07 15 41.39 +23 22 15.8 15.395 0.010 -0.010 0.048 0.563 0.010  0.349 0.008  0.694 0.012 3
SN 2000fa 7   07 15 42.66 +23 22 35.8 15.497 0.012  0.007 0.043 0.644 0.011  0.391 0.007  0.775 0.013 4
SN 2000fa 8   07 15 37.82 +23 24 19.5 15.317 0.011  0.795 0.043 0.978 0.011  0.577 0.008  1.076 0.010 4
SN 2000fa 9   07 15 44.77 +23 26 28.0 15.686 0.013  0.301 0.044 0.749 0.015  0.435 0.008  0.849 0.010 4
SN 2000fa 10  07 15 30.96 +23 27 58.0 15.801 0.012  1.235 0.041 1.222 0.012  0.762 0.008  1.448 0.010 4
SN 2000fa 11  07 15 26.26 +23 28 05.9 16.169 0.014 -0.082 0.043 0.553 0.013  0.364 0.016  0.708 0.013 4
