SN 1997E  2450464.92 -      -     15.694 0.017 15.598 0.011 15.377 0.015 -      -     AndyCam/SAO
SN 1997E  2450465.69 15.441 0.038 15.667 0.015 15.544 0.010 15.357 0.013 15.423 0.014 AndyCam/SAO
SN 1997E  2450466.78 15.414 0.036 15.656 0.013 15.502 0.008 15.323 0.011 15.468 0.011 AndyCam/SAO
SN 1997E  2450468.66 15.500 0.037 15.620 0.014 15.492 0.010 15.322 0.012 15.480 0.013 AndyCam/SAO
SN 1997E  2450472.66 15.789 0.037 15.779 0.013 15.491 0.008 15.323 0.013 15.638 0.012 AndyCam/SAO
SN 1997E  2450476.89 16.330 0.061 16.166 0.032 15.741 0.023 15.716 0.030 15.940 0.032 AndyCam/SAO
SN 1997E  2450479.87 16.802 0.037 16.547 0.013 15.933 0.008 15.906 0.011 16.006 0.011 AndyCam/SAO
SN 1997E  2450485.62 17.725 0.041 17.381 0.015 16.301 0.009 16.003 0.013 15.847 0.018 AndyCam/SAO
SN 1997E  2450489.77 -      -     17.891 0.022 16.627 0.014 16.131 0.019 15.823 0.019 AndyCam/SAO
SN 1997E  2450512.65 19.247 0.060 18.929 0.025 17.829 0.016 17.448 0.026 17.296 0.023 AndyCam/SAO
SN 1997E  2450521.62 19.383 0.186 19.147 0.028 18.101 0.016 17.811 0.023 17.736 0.024 AndyCam/SAO
SN 1997E  2450523.66 19.668 0.114 19.147 0.051 18.113 0.034 17.933 0.048 17.831 0.074 AndyCam/SAO
SN 1997E  2450545.65 20.159 0.120 19.495 0.070 18.783 0.046 18.622 0.066 18.717 0.129 AndyCam/SAO
SN 1997Y  2450488.96 15.073 0.037 15.379 0.015 15.368 0.010 15.278 0.015 15.592 0.014 AndyCam/SAO
SN 1997Y  2450489.91 15.157 0.038 15.421 0.016 15.384 0.011 15.284 0.016 15.600 0.015 AndyCam/SAO
SN 1997Y  2450515.94 -      -     18.000 0.025 16.852 0.013 16.332 0.019 15.928 0.018 AndyCam/SAO
SN 1997Y  2450518.84 18.429 0.056 18.225 0.022 17.012 0.010 16.563 0.015 16.168 0.014 AndyCam/SAO
SN 1997Y  2450520.86 18.549 0.056 18.256 0.024 17.141 0.012 16.681 0.023 16.339 0.017 AndyCam/SAO
SN 1997Y  2450536.84 18.827 0.069 18.707 0.030 17.690 0.011 17.396 0.018 17.174 0.020 AndyCam/SAO
SN 1997Y  2450545.87 18.989 0.099 18.821 0.046 17.944 0.024 17.672 0.037 17.530 0.032 AndyCam/SAO
SN 1997bp 2450546.79 14.077 0.036 14.122 0.012 14.018 0.007 13.921 0.010 14.144 0.011 AndyCam/SAO
SN 1997bp 2450547.80 14.079 0.038 14.097 0.014 13.980 0.009 13.894 0.012 14.133 0.014 AndyCam/SAO
SN 1997bp 2450548.79 14.110 0.036 14.085 0.012 13.934 0.007 13.838 0.009 14.105 0.011 AndyCam/SAO
SN 1997bp 2450549.80 14.175 0.037 14.109 0.014 13.902 0.009 13.812 0.015 14.119 0.013 AndyCam/SAO
SN 1997bp 2450550.76 14.229 0.035 14.124 0.013 13.879 0.008 13.792 0.013 14.150 0.018 AndyCam/SAO
SN 1997bp 2450552.82 14.340 0.037 14.179 0.015 13.875 0.009 13.762 0.012 14.169 0.013 AndyCam/SAO
SN 1997bp 2450567.77 15.914 0.039 15.680 0.017 14.594 0.010 14.494 0.015 14.564 0.024 AndyCam/SAO
SN 1997bp 2450569.71 16.114 0.037 15.866 0.016 14.648 0.011 14.483 0.014 14.523 0.014 AndyCam/SAO
SN 1997bp 2450573.79 16.494 0.037 16.200 0.012 14.822 0.007 14.461 0.009 14.412 0.010 AndyCam/SAO
SN 1997bp 2450575.73 16.689 0.039 16.311 0.015 14.890 0.008 14.475 0.013 14.366 0.012 AndyCam/SAO
SN 1997bp 2450579.74 16.983 0.046 16.655 0.016 15.135 0.010 14.655 0.013 14.417 0.015 AndyCam/SAO
SN 1997bp 2450597.73 17.733 0.041 17.118 0.016 15.962 0.009 15.540 0.013 15.482 0.012 AndyCam/SAO
SN 1997bp 2450610.69 17.859 0.040 17.226 0.020 16.284 0.013 16.025 0.017 16.058 0.018 AndyCam/SAO
SN 1997bq 2450547.62 -      -     15.676 0.020 15.641 0.012 15.493 0.016 15.522 0.017 AndyCam/SAO
SN 1997bq 2450548.81 14.971 0.042 15.350 0.023 15.401 0.017 15.234 0.022 15.270 0.021 AndyCam/SAO
SN 1997bq 2450549.82 14.735 0.043 15.135 0.023 15.168 0.017 15.054 0.023 15.080 0.023 AndyCam/SAO
SN 1997bq 2450550.70 14.551 0.070 14.994 0.042 15.013 0.020 14.902 0.028 14.914 0.027 AndyCam/SAO
SN 1997bq 2450551.83 14.451 0.044 14.824 0.021 14.865 0.009 14.740 0.012 14.807 0.014 AndyCam/SAO
SN 1997bq 2450568.66 15.323 0.046 15.255 0.018 14.675 0.011 14.711 0.015 15.032 0.017 AndyCam/SAO
SN 1997bq 2450570.76 15.650 0.039 15.501 0.012 14.819 0.007 14.827 0.010 15.052 0.011 AndyCam/SAO
SN 1997bq 2450573.70 16.078 0.041 15.860 0.016 15.009 0.011 14.918 0.014 15.000 0.016 AndyCam/SAO
SN 1997bq 2450575.68 16.380 0.038 16.114 0.014 15.102 0.008 14.951 0.012 14.954 0.013 AndyCam/SAO
SN 1997bq 2450578.66 -      -     16.429 0.020 15.259 0.011 15.027 0.019 14.908 0.014 AndyCam/SAO
SN 1997bq 2450582.78 17.162 0.089 16.824 0.022 15.473 0.013 15.068 0.017 14.853 0.018 AndyCam/SAO
SN 1997bq 2450600.72 17.968 0.045 17.575 0.017 16.422 0.011 16.030 0.015 15.834 0.015 AndyCam/SAO
SN 1997bq 2450609.66 18.047 0.054 17.679 0.021 16.636 0.011 16.355 0.016 16.237 0.016 AndyCam/SAO
SN 1997br 2450551.84 13.713 0.045 14.397 0.016 14.154 0.008 13.983 0.011 13.922 0.011 AndyCam/SAO
SN 1997br 2450552.83 13.695 0.053 14.317 0.028 14.078 0.016 13.847 0.023 13.811 0.021 AndyCam/SAO
SN 1997br 2450567.79 14.278 0.043 14.371 0.015 13.800 0.009 13.637 0.013 13.759 0.012 AndyCam/SAO
SN 1997br 2450569.79 14.537 0.042 14.574 0.014 13.855 0.008 13.717 0.012 13.825 0.012 AndyCam/SAO
SN 1997br 2450571.81 14.826 0.037 14.811 0.016 13.936 0.010 13.849 0.013 13.833 0.015 AndyCam/SAO
SN 1997br 2450573.75 15.205 0.039 15.060 0.015 14.080 0.009 13.890 0.012 13.838 0.014 AndyCam/SAO
SN 1997br 2450575.76 15.532 0.041 15.315 0.014 14.208 0.008 13.985 0.012 13.828 0.014 AndyCam/SAO
SN 1997br 2450578.73 15.988 0.040 15.672 0.019 14.416 0.013 14.048 0.017 13.789 0.017 AndyCam/SAO
SN 1997br 2450582.80 16.381 0.056 16.002 0.021 14.609 0.012 14.162 0.017 13.875 0.017 AndyCam/SAO
SN 1997br 2450597.75 17.156 0.046 16.810 0.017 15.331 0.009 14.825 0.012 14.350 0.014 AndyCam/SAO
SN 1997br 2450607.75 17.334 0.046 17.009 0.017 15.701 0.009 15.262 0.013 14.915 0.013 AndyCam/SAO
SN 1997cn 2450597.76 18.897 0.068 18.523 0.027 17.216 0.014 16.708 0.019 16.465 0.019 AndyCam/SAO
SN 1997cn 2450598.83 18.915 0.068 18.653 0.029 17.291 0.012 16.761 0.016 16.428 0.016 AndyCam/SAO
SN 1997cn 2450599.71 -      -     18.780 0.048 -      -     -      -     -      -     AndyCam/SAO
SN 1997cn 2450600.75 19.119 0.060 18.858 0.026 17.497 0.014 16.948 0.019 16.563 0.021 AndyCam/SAO
SN 1997cn 2450602.73 19.471 0.099 19.081 0.038 17.694 0.016 17.160 0.022 16.724 0.022 AndyCam/SAO
SN 1997cn 2450604.82 19.440 0.076 19.290 0.037 17.911 0.020 17.402 0.028 16.941 0.031 AndyCam/SAO
SN 1997cn 2450605.88 19.422 0.099 -      -     -      -     17.487 0.041 17.078 0.039 AndyCam/SAO
SN 1997cn 2450607.77 19.559 0.080 -      -     18.062 0.014 17.623 0.018 17.191 0.021 AndyCam/SAO
SN 1997cn 2450608.70 19.493 0.072 19.421 0.045 -      -     17.710 0.039 17.265 0.039 AndyCam/SAO
SN 1997cn 2450609.67 19.643 0.065 19.454 0.030 18.189 0.020 17.746 0.026 17.286 0.027 AndyCam/SAO
SN 1997cn 2450610.79 19.679 0.106 19.595 0.053 18.238 0.023 17.810 0.030 17.391 0.031 AndyCam/SAO
SN 1997cn 2450611.82 19.632 0.101 -      -     18.301 0.019 17.837 0.025 17.447 0.029 AndyCam/SAO
SN 1997cn 2450627.67 -      -     20.076 0.051 18.911 0.020 18.616 0.031 18.345 0.029 AndyCam/SAO
SN 1997cn 2450640.75 -      -     -      -     19.238 0.034 19.135 0.052 18.932 0.063 AndyCam/SAO
SN 1997cw 2450642.94 17.041 0.039 16.892 0.016 16.146 0.008 15.948 0.011 16.109 0.014 AndyCam/SAO
SN 1997cw 2450643.88 17.227 0.038 17.024 0.015 16.184 0.009 16.002 0.012 16.155 0.013 AndyCam/SAO
SN 1997cw 2450644.85 17.319 0.056 17.096 0.027 16.222 0.015 16.079 0.020 16.189 0.024 AndyCam/SAO
SN 1997cw 2450645.98 17.469 0.048 17.213 0.020 16.341 0.010 16.132 0.014 16.197 0.020 AndyCam/SAO
SN 1997cw 2450646.98 17.594 0.059 17.282 0.019 16.359 0.009 16.199 0.012 16.182 0.013 AndyCam/SAO
SN 1997cw 2450647.98 17.804 0.076 17.424 0.045 16.429 0.008 16.215 0.014 16.167 0.013 AndyCam/SAO
SN 1997cw 2450652.92 18.453 0.119 17.971 0.046 16.643 0.018 16.268 0.024 16.113 0.027 AndyCam/SAO
SN 1997cw 2450653.94 18.484 0.079 18.145 0.028 16.707 0.018 16.290 0.025 16.038 0.025 AndyCam/SAO
SN 1997cw 2450665.99 19.368 0.116 18.808 0.033 17.227 0.013 16.619 0.019 16.196 0.018 AndyCam/SAO
SN 1997cw 2450673.99 19.612 0.187 19.229 0.050 17.612 0.021 17.044 0.027 16.627 0.027 AndyCam/SAO
SN 1997cw 2450680.99 -      -     19.258 0.097 17.920 0.058 17.427 0.075 16.956 0.073 AndyCam/SAO
SN 1997cw 2450682.97 -      -     19.293 0.094 17.983 0.057 17.469 0.072 17.194 0.070 AndyCam/SAO
SN 1997cw 2450685.97 -      -     19.379 0.051 18.075 0.030 17.545 0.042 17.299 0.040 AndyCam/SAO
SN 1997cw 2450688.00 -      -     19.329 0.051 18.138 0.037 17.655 0.047 17.444 0.047 AndyCam/SAO
SN 1997cw 2450693.79 -      -     19.499 0.036 18.260 0.021 17.828 0.028 17.769 0.040 AndyCam/SAO
SN 1997cw 2450783.74 -      -     21.126 0.092 20.068 0.051 20.421 0.093 -      -     AndyCam/SAO
SN 1997cw 2450810.62 -      -     -      -     20.472 0.086 20.690 0.160 -      -     AndyCam/SAO
SN 1997dg 2450720.90 16.806 0.047 17.186 0.027 17.095 0.018 16.921 0.024 17.141 0.026 AndyCam/SAO
SN 1997dg 2450722.74 16.919 0.044 17.178 0.021 17.098 0.014 16.927 0.019 17.231 0.023 AndyCam/SAO
SN 1997dg 2450726.83 17.405 0.044 17.364 0.022 17.230 0.013 17.078 0.019 17.392 0.022 AndyCam/SAO
SN 1997dg 2450730.65 17.958 0.049 17.745 0.022 17.387 0.012 17.344 0.017 17.714 0.024 AndyCam/SAO
SN 1997dg 2450747.71 -      -     19.612 0.132 18.416 0.029 17.910 0.038 17.587 0.039 AndyCam/SAO
SN 1997dg 2450761.79 19.311 0.275 20.406 0.191 19.205 0.047 18.668 0.066 18.406 0.063 AndyCam/SAO
SN 1997dg 2450783.72 20.664 0.144 -      -     19.786 0.034 19.420 0.046 19.424 0.111 AndyCam/SAO
SN 1997dg 2450810.60 -      -     21.392 0.192 20.383 0.116 20.227 0.183 -      -     AndyCam/SAO
SN 1997dg 2450842.61 -      -     22.062 0.176 21.224 0.127 21.404 0.222 -      -     4Sh-chip1/SAO
SN 1997do 2450760.01 -      -     14.849 0.029 14.880 0.022 14.716 0.028 14.873 0.027 AndyCam/SAO
SN 1997do 2450762.84 14.455 0.038 14.626 0.014 14.635 0.008 14.454 0.011 14.691 0.013 AndyCam/SAO
SN 1997do 2450778.02 -      -     -      -     14.807 0.009 14.773 0.012 -      -     AndyCam/SAO
SN 1997do 2450780.90 15.959 0.037 15.607 0.013 15.003 0.007 15.021 0.009 15.288 0.010 AndyCam/SAO
SN 1997do 2450783.81 16.190 0.038 15.960 0.013 15.131 0.008 15.096 0.011 15.203 0.011 AndyCam/SAO
SN 1997do 2450810.78 17.991 0.065 17.722 0.039 16.480 0.008 16.063 0.012 15.833 0.013 AndyCam/SAO
SN 1997do 2450842.74 18.458 0.059 18.116 0.024 17.329 0.009 17.093 0.014 17.223 0.019 4Sh-chip1/SAO
SN 1997dt 2450777.60 -      -     -      -     15.919 0.007 15.402 0.010 -      -     AndyCam/SAO
SN 1997dt 2450781.68 15.863 0.038 15.801 0.014 15.369 0.009 14.928 0.011 14.636 0.013 AndyCam/SAO
SN 1997dt 2450810.58 18.539 0.051 17.847 0.015 16.242 0.008 15.570 0.011 14.986 0.012 AndyCam/SAO
SN 1997dt 2450842.59 -      -     18.915 0.044 17.510 0.019 16.945 0.027 16.474 0.035 4Sh-chip1/SAO
SN 1998D  2450874.04 18.902 0.057 18.588 0.028 17.433 0.013 16.971 0.020 16.571 0.024 4Sh-chip1/SAO
SN 1998D  2450893.93 19.445 0.079 19.094 0.032 18.156 0.022 17.801 0.048 17.558 0.031 AndyCam/SAO
SN 1998D  2450925.89 -      -     19.703 0.037 19.081 0.021 19.096 0.036 18.797 0.045 4Sh-chip1/SAO
SN 1998D  2450980.80 -      -     20.604 0.082 20.494 0.059 20.692 0.086 20.134 0.198 4Sh-chip1/SAO
SN 1998D  2450987.78 -      -     20.809 0.083 20.590 0.060 -      -     -      -     4Sh-chip1/SAO
SN 1998V  2450894.00 15.738 0.039 15.917 0.016 15.698 0.010 15.486 0.017 15.757 0.015 AndyCam/SAO
SN 1998V  2450894.98 15.918 0.037 15.972 0.014 15.761 0.009 15.521 0.011 -      -     AndyCam/SAO
SN 1998V  2450896.01 15.960 0.038 15.996 0.014 15.736 0.007 15.558 0.010 15.807 0.011 AndyCam/SAO
SN 1998V  2450900.93 16.362 0.036 16.337 0.011 15.913 0.007 15.812 0.008 16.036 0.012 AndyCam/SAO
SN 1998V  2450904.00 16.906 0.036 16.601 0.011 16.159 0.007 16.090 0.010 16.248 0.013 AndyCam/SAO
SN 1998V  2450906.99 17.296 0.041 16.975 0.018 16.285 0.012 16.140 0.016 16.213 0.018 AndyCam/SAO
SN 1998V  2450921.99 18.995 0.076 18.526 0.032 17.147 0.011 16.526 0.017 16.100 0.025 4Sh-chip1/SAO
SN 1998V  2450925.95 19.186 0.056 18.761 0.028 17.408 0.010 16.779 0.016 16.364 0.022 4Sh-chip1/SAO
SN 1998V  2450957.98 19.952 0.199 19.345 0.060 18.395 0.022 18.072 0.038 17.895 0.063 4Sh-chip1/SAO
SN 1998V  2450980.86 20.362 0.160 19.683 0.035 18.960 0.021 18.710 0.030 18.735 0.043 4Sh-chip1/SAO
SN 1998V  2450987.83 -      -     19.823 0.035 19.137 0.018 18.987 0.036 19.057 0.049 4Sh-chip1/SAO
SN 1998V  2451013.79 -      -     20.172 0.049 19.702 0.032 19.700 0.065 19.815 0.111 AndyCam/SAO
SN 1998V  2451077.66 -      -     21.350 0.266 20.626 0.199 21.282 0.280 -      -     4Sh-chip1/SAO
SN 1998ab 2450906.82 15.974 0.038 16.602 0.015 16.570 0.008 16.478 0.013 16.565 0.015 AndyCam/SAO
SN 1998ab 2450920.66 16.216 0.044 16.384 0.019 16.216 0.008 16.082 0.011 16.473 0.017 4Sh-chip1/SAO
SN 1998ab 2450922.65 16.438 0.040 16.533 0.015 16.277 0.009 16.153 0.012 16.520 0.014 4Sh-chip1/SAO
SN 1998ab 2450925.84 16.850 0.040 16.850 0.015 16.388 0.008 16.280 0.012 16.606 0.014 4Sh-chip1/SAO
SN 1998ab 2450930.76 17.673 0.045 17.431 0.018 16.746 0.009 16.503 0.013 16.605 0.015 4Sh-chip1/SAO
SN 1998ab 2450931.81 17.865 0.046 17.583 0.020 16.781 0.011 16.571 0.015 16.583 0.017 4Sh-chip1/SAO
SN 1998ab 2450936.68 18.425 0.065 18.132 0.027 17.106 0.011 16.695 0.017 16.617 0.021 4Sh-chip1/SAO
SN 1998ab 2450938.71 18.840 0.104 18.300 0.032 17.211 0.015 16.772 0.021 16.668 0.023 4Sh-chip1/SAO
SN 1998ab 2450952.69 -      -     19.096 0.037 17.914 0.015 17.311 0.024 17.030 0.028 4Sh-chip1/SAO
SN 1998ab 2450955.65 19.568 0.075 -      -     18.035 0.012 17.452 0.021 17.213 0.031 4Sh-chip1/SAO
SN 1998ab 2450961.69 19.522 0.071 19.365 0.028 18.255 0.013 17.686 0.019 17.520 0.024 AndyCam/SAO
SN 1998ab 2450964.65 -      -     19.505 0.086 18.349 0.029 17.824 0.043 17.683 0.042 4Sh-chip1/SAO
SN 1998ab 2450980.69 19.721 0.113 19.649 0.063 18.702 0.026 18.369 0.042 18.330 0.058 4Sh-chip1/SAO
SN 1998ab 2450987.73 19.882 0.075 19.661 0.052 18.863 0.016 18.542 0.028 18.406 0.067 4Sh-chip1/SAO
SN 1998bp 2450934.88 15.655 0.037 15.641 0.014 15.439 0.008 15.162 0.011 15.230 0.014 4Sh-chip1/SAO
SN 1998bp 2450937.90 15.801 0.040 15.672 0.017 15.313 0.010 15.070 0.015 15.134 0.016 4Sh-chip1/SAO
SN 1998bp 2450938.95 15.923 0.037 15.739 0.014 15.298 0.008 15.054 0.012 15.135 0.013 4Sh-chip1/SAO
SN 1998bp 2450939.93 -      -     15.849 0.029 15.307 0.019 15.052 0.026 15.160 0.025 4Sh-chip1/SAO
SN 1998bp 2450949.93 17.921 0.053 17.416 0.026 16.077 0.011 15.607 0.015 15.295 0.019 4Sh-chip1/SAO
SN 1998bp 2450951.87 18.184 0.069 17.636 0.038 16.266 0.013 15.751 0.021 15.403 0.025 4Sh-chip1/SAO
SN 1998bp 2450953.85 18.250 0.049 17.883 0.029 16.416 0.012 15.870 0.019 15.482 0.023 4Sh-chip1/SAO
SN 1998bp 2450955.89 18.417 0.053 18.028 0.032 16.653 0.013 16.058 0.019 15.622 0.022 4Sh-chip1/SAO
SN 1998bp 2450959.94 18.700 0.046 18.239 0.023 16.941 0.016 16.441 0.021 16.022 0.022 AndyCam/SAO
SN 1998bp 2450962.88 18.770 0.062 18.422 0.042 17.125 0.019 16.680 0.026 16.237 0.035 4Sh-chip1/SAO
SN 1998bp 2450980.84 19.263 0.088 18.939 0.064 17.787 0.039 17.481 0.051 17.203 0.053 4Sh-chip1/SAO
SN 1998bp 2450983.81 19.434 0.053 18.958 0.031 17.891 0.013 17.610 0.022 17.307 0.029 4Sh-chip1/SAO
SN 1998bp 2450987.82 19.476 0.083 19.025 0.038 18.014 0.017 17.770 0.027 17.529 0.038 4Sh-chip1/SAO
SN 1998bp 2450996.78 -      -     19.204 0.049 18.301 0.025 18.121 0.036 17.836 0.059 4Sh-chip1/SAO
SN 1998bp 2451013.74 20.311 0.106 19.456 0.037 18.721 0.025 18.835 0.053 18.538 0.106 AndyCam/SAO
SN 1998bp 2451077.63 -      -     20.705 0.082 -      -     -      -     20.114 0.175 4Sh-chip1/SAO
SN 1998co 2450990.90 15.934 0.042 15.930 0.016 15.739 0.010 15.608 0.017 15.897 0.016 4Sh-chip1/SAO
SN 1998co 2450993.96 16.319 0.045 16.228 0.016 15.867 0.009 15.796 0.012 15.961 0.020 4Sh-chip1/SAO
SN 1998co 2451077.71 20.381 0.238 19.951 0.141 19.484 0.084 19.522 0.135 18.896 0.173 4Sh-chip1/SAO
SN 1998co 2451110.66 -      -     20.441 0.156 20.279 0.100 -      -     -      -     4sh-chip3/SAO
SN 1998co 2451136.58 -      -     20.971 0.192 20.920 0.134 -      -     19.618 0.175 AndyCam/SAO
SN 1998de 2451021.95 18.587 0.049 17.979 0.019 17.336 0.010 17.085 0.015 17.175 0.016 4Sh-chip1/SAO
SN 1998de 2451022.96 18.389 0.064 17.781 0.022 17.176 0.011 16.952 0.024 16.937 0.021 4Sh-chip1/SAO
SN 1998de 2451024.98 18.291 0.056 17.572 0.029 16.974 0.017 16.740 0.023 16.701 0.026 4Sh-chip1/SAO
SN 1998de 2451047.85 -      -     19.972 0.072 18.554 0.042 17.866 0.056 17.419 0.057 4Sh-chip1/SAO
SN 1998de 2451055.90 -      -     20.193 0.040 18.879 0.017 18.321 0.024 17.925 0.028 4Sh-chip1/SAO
SN 1998de 2451074.74 -      -     20.621 0.055 19.489 0.027 19.176 0.037 18.598 0.085 4Sh-chip1/SAO
SN 1998de 2451077.84 -      -     20.663 0.075 19.619 0.046 19.315 0.060 18.839 0.071 4Sh-chip1/SAO
SN 1998de 2451110.84 -      -     21.203 0.112 20.540 0.067 20.582 0.101 19.893 0.188 4sh-chip3/SAO
SN 1998de 2451136.81 -      -     21.760 0.133 21.139 0.085 21.654 0.198 20.523 0.175 AndyCam/SAO
SN 1998dh 2451021.94 14.427 0.039 14.745 0.015 14.718 0.007 14.475 0.010 14.453 0.012 4Sh-chip1/SAO
SN 1998dh 2451026.89 13.929 0.038 14.193 0.013 14.138 0.008 13.987 0.011 14.105 0.011 4Sh-chip1/SAO
SN 1998dh 2451045.84 15.743 0.052 15.534 0.036 14.665 0.024 -      -     14.709 0.047 4Sh-chip1/SAO
SN 1998dh 2451047.84 15.994 0.045 15.753 0.021 14.782 0.009 14.618 0.014 14.580 0.015 4Sh-chip1/SAO
SN 1998dh 2451055.89 16.804 0.042 16.574 0.019 15.235 0.007 14.790 0.011 14.472 0.015 4Sh-chip1/SAO
SN 1998dh 2451069.87 17.455 0.051 17.293 0.023 16.045 0.010 15.634 0.014 15.343 0.016 4Sh-chip1/SAO
SN 1998dh 2451077.76 17.652 0.042 17.407 0.022 16.289 0.010 15.922 0.014 15.739 0.016 4Sh-chip1/SAO
SN 1998dh 2451110.75 18.467 0.059 17.855 0.038 17.128 0.025 17.049 0.036 17.058 0.040 4sh-chip3/SAO
SN 1998dh 2451136.68 19.097 0.045 18.229 0.017 17.730 0.011 17.847 0.015 17.971 0.032 AndyCam/SAO
SN 1998dk 2451075.72 16.700 0.055 16.494 0.023 15.566 0.012 15.434 0.020 15.456 0.019 4Sh-chip1/SAO
SN 1998dk 2451077.82 16.961 0.042 16.750 0.020 15.667 0.008 15.435 0.013 15.402 0.014 4Sh-chip1/SAO
SN 1998dk 2451079.76 17.234 0.048 16.941 0.026 15.743 0.013 15.469 0.017 15.369 0.021 4Sh-chip1/SAO
SN 1998dk 2451102.62 18.321 0.081 18.192 0.028 16.951 0.013 16.498 0.020 16.200 0.023 4sh-chip3/SAO
SN 1998dk 2451110.79 18.500 0.065 18.311 0.022 17.196 0.013 16.760 0.019 16.588 0.021 4sh-chip3/SAO
SN 1998dk 2451136.73 19.231 0.058 18.661 0.018 17.899 0.011 17.613 0.018 17.762 0.018 AndyCam/SAO
SN 1998dm 2451071.82 -      -     15.398 0.023 14.843 0.006 14.743 0.010 14.832 0.011 4Sh-chip1/SAO
SN 1998dm 2451077.86 16.171 0.040 16.008 0.017 15.158 0.008 15.040 0.013 14.962 0.014 4Sh-chip1/SAO
SN 1998dm 2451080.88 16.545 0.046 16.321 0.021 15.328 0.009 15.094 0.015 14.909 0.014 4Sh-chip1/SAO
SN 1998dm 2451104.74 18.325 0.083 17.866 0.022 16.529 0.008 16.037 0.016 15.544 0.012 4sh-chip3/SAO
SN 1998dm 2451110.80 18.363 0.062 18.027 0.021 16.736 0.011 16.251 0.019 15.816 0.017 4sh-chip3/SAO
SN 1998dm 2451136.77 19.000 0.173 18.454 0.017 17.417 0.011 17.071 0.016 16.947 0.016 AndyCam/SAO
SN 1998dm 2451195.64 -      -     19.317 0.023 18.749 0.014 18.759 0.021 18.831 0.094 4sh-chip3/Harris+I_{SAO}
SN 1998dx 2451072.62 17.269 0.095 17.689 0.057 17.729 0.030 17.578 0.045 17.895 0.062 4Sh-chip1/SAO
SN 1998dx 2451077.64 17.951 0.046 17.999 0.023 17.852 0.014 17.708 0.020 18.046 0.027 4Sh-chip1/SAO
SN 1998dx 2451078.64 18.059 0.046 18.050 0.024 17.865 0.015 17.735 0.022 18.118 0.085 4Sh-chip1/SAO
SN 1998dx 2451083.73 18.904 0.078 18.598 0.021 18.179 0.012 18.158 0.019 18.343 0.036 AndyCam/SAO
SN 1998dx 2451100.62 -      -     20.642 0.175 19.559 0.093 18.882 0.142 18.808 0.174 4sh-chip3/SAO
SN 1998dx 2451136.60 22.432 0.242 21.552 0.184 20.751 0.123 20.097 0.181 20.270 0.212 AndyCam/SAO
SN 1998ec 2451101.96 17.587 0.044 17.296 0.014 16.663 0.008 16.620 0.011 16.901 0.014 4sh-chip3/SAO
SN 1998ec 2451106.02 18.128 0.049 17.757 0.017 16.920 0.009 16.836 0.013 16.928 0.017 4sh-chip3/SAO
SN 1998ec 2451110.97 18.800 0.059 18.324 0.024 17.182 0.013 16.873 0.019 16.823 0.018 4sh-chip3/SAO
SN 1998ec 2451114.01 19.255 0.116 18.622 0.026 17.366 0.013 16.859 0.019 16.724 0.020 4sh-chip3/SAO
SN 1998ec 2451136.88 19.983 0.113 19.762 0.032 18.469 0.012 17.972 0.019 17.678 0.023 AndyCam/SAO
SN 1998ec 2451195.74 21.003 0.226 20.717 0.064 19.964 0.036 19.929 0.048 20.149 0.108 4sh-chip3/Harris+I_{SAO}
SN 1998ec 2451217.84 -      -     21.050 0.160 20.421 0.121 20.439 0.151 20.401 0.210 AndyCam/Harris+I_{SAO}
SN 1998ec 2451224.68 -      -     21.187 0.171 20.504 0.121 20.535 0.152 -      -     AndyCam/Harris+I_{SAO}
SN 1998ec 2451232.67 -      -     -      -     20.853 0.298 -      -     -      -     4sh-chip3/Harris+I_{SAO}
SN 1998ec 2451275.62 -      -     21.938 0.296 21.584 0.153 21.411 0.261 -      -     4sh-chip3/Harris+I_{SAO}
SN 1998ef 2451106.62 15.412 0.043 15.628 0.018 15.684 0.011 15.557 0.016 15.513 0.017 4sh-chip3/SAO
SN 1998ef 2451107.75 15.317 0.040 15.487 0.013 15.521 0.007 15.431 0.010 15.367 0.012 AndyCam/SAO
SN 1998ef 2451109.86 14.972 0.038 15.266 0.016 15.320 0.010 15.233 0.013 15.251 0.014 AndyCam/SAO
SN 1998ef 2451110.78 14.898 0.039 15.167 0.016 15.209 0.010 15.157 0.013 15.242 0.013 4sh-chip3/SAO
SN 1998ef 2451136.86 17.707 0.041 17.380 0.014 16.220 0.008 15.845 0.013 15.564 0.014 AndyCam/SAO
SN 1998ef 2451195.70 19.901 0.130 18.921 0.038 18.369 0.023 18.465 0.031 18.233 0.047 4sh-chip3/Harris+I_{SAO}
SN 1998ef 2451216.62 -      -     19.230 0.030 18.928 0.017 19.000 0.024 19.011 0.046 AndyCam/Harris+I_{SAO}
SN 1998ef 2451224.59 -      -     19.399 0.056 19.066 0.034 19.618 0.067 -      -     AndyCam/Harris+I_{SAO}
SN 1998eg 2451110.67 16.367 0.042 16.615 0.022 16.480 0.014 16.340 0.021 16.467 0.020 4sh-chip3/SAO
SN 1998eg 2451111.66 16.409 0.041 16.594 0.019 16.486 0.011 16.303 0.017 16.545 0.018 4sh-chip3/SAO
SN 1998eg 2451113.58 16.552 0.043 16.680 0.022 16.490 0.012 16.314 0.018 16.510 0.028 4sh-chip3/SAO
SN 1998eg 2451136.64 19.506 0.099 18.926 0.064 17.714 0.048 17.217 0.062 17.014 0.062 AndyCam/SAO
SN 1998eg 2451195.61 -      -     20.415 0.096 19.669 0.062 19.397 0.093 -      -     4sh-chip3/Harris+I_{SAO}
SN 1998es 2451133.84 -      -     -      -     -      -     14.391 0.039 -      -     AndyCam/SAO
SN 1998es 2451134.80 -      -     -      -     -      -     14.228 0.039 -      -     AndyCam/SAO
SN 1998es 2451135.67 13.827 0.045 14.288 0.021 14.270 0.012 14.205 0.018 -      -     AndyCam/SAO
SN 1998es 2451136.84 13.725 0.084 14.231 0.032 14.131 0.019 14.073 0.031 14.159 0.027 AndyCam/SAO
SN 1998es 2451137.77 -      -     14.090 0.027 14.061 0.014 13.994 0.021 14.095 0.019 4sh-chip3/SAO
SN 1998es 2451138.64 13.537 0.047 14.032 0.022 13.995 0.013 13.913 0.023 14.110 0.021 4sh-chip3/SAO
SN 1998es 2451140.78 13.461 0.045 13.945 0.023 13.927 0.016 13.850 0.024 14.079 0.027 4sh-chip3/SAO
SN 1998es 2451141.82 13.450 0.065 13.958 0.026 13.889 0.019 13.807 0.025 14.056 0.027 4sh-chip3/SAO
SN 1998es 2451142.84 13.507 0.041 13.975 0.022 13.857 0.015 13.801 0.022 14.072 0.030 4sh-chip3/SAO
SN 1998es 2451143.86 13.524 0.039 13.974 0.017 13.857 0.008 13.773 0.014 14.100 0.018 4sh-chip3/SAO
SN 1998es 2451144.72 13.584 0.042 14.022 0.025 13.841 0.017 -      -     14.184 0.023 4sh-chip3/SAO
SN 1998es 2451158.65 15.029 0.113 14.877 0.059 14.459 0.040 14.492 0.058 14.765 0.079 4sh-chip3/Harris+I_{SAO}
SN 1998es 2451159.71 15.045 0.053 14.970 0.022 14.453 0.013 14.475 0.018 14.703 0.034 4sh-chip3/Harris+I_{SAO}
SN 1998es 2451164.62 15.863 0.063 15.532 0.036 14.718 0.023 14.587 0.031 14.644 0.040 4sh-chip3/Harris+I_{SAO}
SN 1998es 2451188.58 17.419 0.066 17.009 0.036 15.897 0.023 15.493 0.030 15.218 0.037 4sh-chip3/Harris+I_{SAO}
SN 1998es 2451195.66 17.492 0.084 17.187 0.051 16.106 0.028 15.754 0.039 15.544 0.047 4sh-chip3/Harris+I_{SAO}
SN 1998es 2451196.60 17.702 0.119 17.187 0.059 16.120 0.034 15.787 0.047 15.601 0.054 4sh-chip3/Harris+I_{SAO}
SN 1998es 2451216.60 18.016 0.171 17.490 0.115 16.728 0.079 16.510 0.109 16.647 0.144 AndyCam/Harris+I_{SAO}
SN 1998es 2451224.63 -      -     17.573 0.131 16.938 0.074 16.845 0.116 17.001 0.202 AndyCam/Harris+I_{SAO}
SN 1998es 2451233.60 18.418 0.195 17.954 0.125 17.446 0.088 17.287 0.207 -      -     4sh-chip3/Harris+I_{SAO}
SN 1999X  2451217.81 17.150 0.065 17.007 0.041 16.640 0.031 16.602 0.046 16.969 0.054 AndyCam/Harris+I_{SAO}
SN 1999X  2451218.89 17.356 0.063 17.086 0.046 16.717 0.034 16.744 0.042 16.991 0.043 AndyCam/Harris+I_{SAO}
SN 1999X  2451219.86 -      -     17.215 0.043 16.765 0.032 16.779 0.038 17.016 0.038 AndyCam/Harris+I_{SAO}
SN 1999X  2451224.71 18.214 0.082 17.842 0.067 17.074 0.047 16.907 0.058 16.963 0.059 AndyCam/Harris+I_{SAO}
SN 1999X  2451233.68 19.056 0.158 18.803 0.105 17.568 0.080 17.078 0.097 16.867 0.103 4sh-chip3/Harris+I_{SAO}
SN 1999X  2451275.67 20.175 0.259 19.924 0.172 -      -     18.764 0.038 -      -     4sh-chip3/Harris+I_{SAO}
SN 1999X  2451284.69 20.444 0.209 -      -     -      -     18.976 0.046 -      -     4sh-chip3/Harris+I_{SAO}
SN 1999X  2451312.68  -     -     -      -     19.906 0.031 19.922 0.045 -      -     4sh-chip3/Harris
SN 1999aa 2451222.90 14.986 0.036 15.603 0.013 15.633 0.008 15.573 0.011 15.704 0.013 AndyCam/Harris+I_{SAO}
SN 1999aa 2451223.84 14.818 0.037 15.417 0.012 15.466 0.007 15.439 0.009 15.534 0.011 AndyCam/Harris+I_{SAO}
SN 1999aa 2451224.79 14.693 0.043 15.276 0.022 15.351 0.009 15.346 0.012 15.415 0.020 AndyCam/Harris+I_{SAO}
SN 1999aa 2451226.76 14.477 0.041 15.088 0.021 15.147 0.016 15.145 0.019 15.282 0.020 AndyCam/Harris+I_{SAO}
SN 1999aa 2451227.80 14.422 0.036 14.960 0.013 15.079 0.009 15.064 0.012 -      -     AndyCam/Harris+I_{SAO}
SN 1999aa 2451230.64 -      -     14.933 0.014 14.994 0.007 -      -     15.238 0.010 4sh-chip3/Harris+I_{SAO}
SN 1999aa 2451232.69 14.442 0.038 14.876 0.015 14.911 0.007 14.890 0.008 15.214 0.010 4sh-chip3/Harris+I_{SAO}
SN 1999aa 2451233.62 14.486 0.036 14.895 0.012 14.909 0.008 14.888 0.011 15.290 0.023 4sh-chip3/Harris+I_{SAO}
SN 1999aa 2451234.64 14.526 0.055 14.899 0.037 14.905 0.029 14.882 0.035 15.277 0.038 4sh-chip3/Harris+I_{SAO}
SN 1999aa 2451246.75 15.531 0.036 15.629 0.012 15.371 0.007 15.448 0.010 15.682 0.010 4sh-chip3/Harris+I_{SAO}
SN 1999aa 2451248.63 15.826 0.036 15.806 0.012 15.454 0.007 15.531 0.009 15.779 0.012 4sh-chip3/Harris+I_{SAO}
SN 1999aa 2451250.74 16.199 0.037 16.058 0.013 15.554 0.008 15.572 0.010 15.837 0.011 AndyCam/Harris+I_{SAO}
SN 1999aa 2451252.69 16.506 0.038 16.302 0.016 15.688 0.008 15.646 0.011 15.772 0.012 AndyCam/Harris+I_{SAO}
SN 1999aa 2451258.72 17.236 0.055 16.914 0.040 -      -     15.710 0.037 15.630 0.039 4sh-chip3/Harris+I_{SAO}
SN 1999aa 2451261.62 17.409 0.040 17.130 0.015 16.051 0.010 15.729 0.013 15.609 0.017 4sh-chip3/Harris+I_{SAO}
SN 1999aa 2451275.65 18.123 0.060 18.025 0.043 -      -     -      -     16.235 0.041 4sh-chip3/Harris+I_{SAO}
SN 1999aa 2451279.64 18.184 0.042 17.973 0.018 16.982 0.010 16.622 0.013 16.432 0.024 4sh-chip3/Harris+I_{SAO}
SN 1999aa 2451281.64 -      -     17.983 0.017 17.033 0.010 16.700 0.013 16.517 0.019 4sh-chip3/Harris+I_{SAO}
SN 1999aa 2451284.67 18.123 0.058 18.032 0.024 17.123 0.011 16.787 0.017 16.684 0.067 4sh-chip3/Harris+I_{SAO}
SN 1999aa 2451285.61 18.271 0.054 18.009 0.023 17.124 0.014 16.825 0.017 16.722 0.025 4sh-chip3/Harris+I_{SAO}
SN 1999aa 2451291.62 18.210 0.107 18.218 0.065 17.192 0.029 16.934 0.045 16.933 0.143 4sh-chip3/Harris+I_{SAO}
SN 1999aa 2451306.66 18.529 0.049 18.311 0.020 17.654 0.011 17.489 0.017 17.554 0.032 4sh-chip3/Harris
SN 1999aa 2451312.65 18.650 0.090 18.399 0.046 17.826 0.033 17.655 0.041 17.804 0.046 4sh-chip3/Harris
SN 1999ac 2451246.89 14.081 0.035 14.361 0.012 14.392 0.007 -      -     14.335 0.011 4sh-chip3/Harris+I_{SAO}
SN 1999ac 2451247.95 14.039 0.046 14.316 0.028 14.356 0.022 14.271 0.027 14.303 0.027 4sh-chip3/Harris+I_{SAO}
SN 1999ac 2451249.99 -      -     14.274 0.012 14.253 0.007 14.200 0.010 14.290 0.011 AndyCam/Harris+I_{SAO}
SN 1999ac 2451252.00 14.168 0.037 14.270 0.012 14.237 0.008 14.167 0.010 14.344 0.012 AndyCam/Harris+I_{SAO}
SN 1999ac 2451253.99 14.276 0.038 14.372 0.015 14.211 0.008 14.178 0.012 14.373 0.013 AndyCam/Harris+I_{SAO}
SN 1999ac 2451258.00 14.690 0.045 14.698 0.015 14.278 0.010 14.237 0.012 14.482 0.014 4sh-chip3/Harris+I_{SAO}
SN 1999ac 2451260.96 15.057 0.038 15.043 0.013 14.473 0.007 14.383 0.010 14.600 0.011 4sh-chip3/Harris+I_{SAO}
SN 1999ac 2451275.90 16.888 0.047 16.430 0.022 15.319 0.009 14.901 0.024 14.712 0.017 4sh-chip3/Harris+I_{SAO}
SN 1999ac 2451280.98 17.153 0.043 16.743 0.022 15.593 0.012 15.123 0.017 14.826 0.023 4sh-chip3/Harris+I_{SAO}
SN 1999ac 2451282.98 17.205 0.043 16.853 0.020 15.711 0.008 15.246 0.010 14.927 0.017 4sh-chip3/Harris+I_{SAO}
SN 1999ac 2451284.92 17.424 0.044 16.969 0.022 15.843 0.009 15.400 0.012 15.085 0.018 4sh-chip3/Harris+I_{SAO}
SN 1999ac 2451287.97 17.471 0.053 17.078 0.028 16.028 0.016 15.603 0.020 15.262 0.029 4sh-chip3/Harris+I_{SAO}
SN 1999ac 2451290.97 17.560 0.050 17.208 0.024 16.180 0.009 15.789 0.011 15.486 0.017 4sh-chip3/Harris+I_{SAO}
SN 1999ac 2451308.85 17.988 0.058 17.616 0.033 16.668 0.007 16.387 0.009 16.298 0.013 4sh-chip3/Harris
SN 1999ac 2451312.86 18.120 0.058 17.667 0.033 16.751 0.007 16.525 0.010 16.365 0.014 4sh-chip3/Harris
SN 1999ac 2451343.78 18.816 0.080 18.116 0.048 17.461 0.011 17.501 0.015 17.411 0.032 4sh-chip3/Harris
SN 1999ac 2451434.62 -      -     19.643 0.191 19.297 0.050 19.860 0.079 19.444 0.085 4sh-chip3/Harris
SN 1999cc 2451312.84 16.702 0.039 16.947 0.017 16.955 0.011 16.818 0.015 16.914 0.022 4sh-chip3/Harris
SN 1999cc 2451317.90 16.878 0.040 16.907 0.019 16.884 0.013 16.716 0.017 17.128 0.025 4sh-chip3/Harris
SN 1999cc 2451336.80 19.439 0.136 19.099 0.068 17.935 0.042 17.462 0.051 17.355 0.067 4sh-chip3/Harris
SN 1999cc 2451339.79 19.718 0.091 19.386 0.042 18.190 0.021 17.640 0.026 17.530 0.037 4sh-chip3/Harris
SN 1999cc 2451343.79 19.966 0.139 19.659 0.046 18.510 0.023 17.987 0.028 17.809 0.039 4sh-chip3/Harris
SN 1999cc 2451434.65 -      -     21.494 0.276 20.843 0.181 -      -     -      -     4sh-chip3/Harris
SN 1999cl 2451335.69 16.071 0.184 -      -     14.354 0.035 13.702 0.046 13.346 0.049 4sh-chip3/Harris
SN 1999cl 2451338.65 15.793 0.061 15.126 0.043 14.022 0.028 13.455 0.034 13.147 0.035 4sh-chip3/Harris
SN 1999cl 2451340.65 15.777 0.064 15.066 0.046 13.933 0.030 13.387 0.036 13.147 0.042 4sh-chip3/Harris
SN 1999cl 2451342.65 15.838 0.060 15.076 0.041 13.887 0.027 13.326 0.038 13.131 0.041 4sh-chip3/Harris
SN 1999cl 2451343.69 15.904 0.060 15.091 0.037 13.878 0.022 13.323 0.028 13.175 0.031 4sh-chip3/Harris
SN 1999cl 2451346.70 -      -     -      -     13.869 0.031 -      -     -      -     4sh-chip3/Harris
SN 1999cl 2451348.68 16.405 0.066 15.395 0.043 13.946 0.027 13.471 0.032 13.340 0.035 4sh-chip3/Harris
SN 1999cl 2451350.66 16.531 0.072 15.530 0.054 14.044 0.036 13.567 0.051 13.429 0.054 4sh-chip3/Harris
SN 1999cl 2451362.72 18.588 0.087 16.846 0.040 14.709 0.026 13.934 0.032 13.394 0.036 4sh-chip3/Harris
SN 1999cw 2451376.96 16.185 0.064 15.925 0.043 15.044 0.022 14.821 0.041 14.895 0.044 4sh-chip3/Harris
SN 1999cw 2451434.86 17.991 0.042 17.624 0.016 17.003 0.007 16.828 0.015 16.982 0.019 4sh-chip3/Harris
SN 1999cw 2451461.79 18.441 0.057 18.044 0.023 17.606 0.016 17.639 0.020 17.849 0.028 4sh-chip3/Harris
SN 1999cw 2451487.71 18.998 0.074 18.445 0.030 18.103 0.018 18.325 0.024 18.602 0.065 4sh-chip3/Harris
SN 1999cw 2451521.60 19.794 0.190 18.916 0.050 18.663 0.033 19.102 0.046 19.229 0.103 4sh-chip3/Harris
SN 1999cw 2451546.62 20.297 0.161 19.367 0.045 19.073 0.030 19.689 0.056 -      -     4sh-chip3/Harris
SN 1999dq 2451426.99 15.027 0.043 15.477 0.022 15.325 0.014 15.202 0.017 15.147 0.022 4sh-chip3/Harris
SN 1999dq 2451427.97 14.831 0.037 15.322 0.015 15.162 0.010 15.027 0.013 15.029 0.015 4sh-chip3/Harris
SN 1999dq 2451428.88 14.663 0.054 15.199 0.021 15.074 0.014 14.943 0.018 14.960 0.020 4sh-chip3/Harris
SN 1999dq 2451429.99 14.613 0.038 15.092 0.018 14.955 0.010 14.843 0.014 14.861 0.017 4sh-chip3/Harris
SN 1999dq 2451431.93 14.491 0.046 14.953 0.023 14.766 0.016 14.689 0.020 14.808 0.026 4sh-chip3/Harris
SN 1999dq 2451432.97 14.472 0.064 -      -     -      -     14.594 0.038 -      -     4sh-chip3/Harris
SN 1999dq 2451434.00 14.431 0.040 14.895 0.020 14.740 0.013 14.644 0.016 14.760 0.021 4sh-chip3/Harris
SN 1999dq 2451434.95 14.466 0.039 14.853 0.021 14.697 0.015 14.587 0.021 14.788 0.021 4sh-chip3/Harris
SN 1999dq 2451435.90 14.481 0.036 14.864 0.014 14.710 0.010 14.608 0.015 14.743 0.015 4sh-chip3/Harris
SN 1999dq 2451436.87 14.619 0.064 14.845 0.039 14.696 0.015 14.563 0.019 14.749 0.021 4sh-chip3/Harris
SN 1999dq 2451437.86 14.621 0.038 14.892 0.017 14.675 0.011 14.565 0.016 14.783 0.016 4sh-chip3/Harris
SN 1999dq 2451438.89 14.652 0.038 14.889 0.012 14.697 0.008 14.565 0.010 14.813 0.013 4sh-chip3/Harris
SN 1999dq 2451439.91 14.738 0.038 14.918 0.018 14.681 0.013 14.555 0.018 14.851 0.019 4sh-chip3/Harris
SN 1999dq 2451441.92 14.883 0.111 14.985 0.015 14.712 0.010 14.601 0.014 14.914 0.019 4sh-chip3/Harris
SN 1999dq 2451453.94 16.306 0.038 16.009 0.015 15.273 0.007 15.168 0.010 15.280 0.016 4sh-chip3/Harris
SN 1999dq 2451454.90 -      -     -      -     15.396 0.012 15.210 0.015 15.349 0.017 AndyCam/Harris
SN 1999dq 2451458.89 16.928 0.057 16.608 0.015 15.558 0.010 15.263 0.013 15.178 0.014 4sh-chip3/Harris
SN 1999dq 2451461.89 17.319 0.036 16.911 0.011 15.698 0.007 15.298 0.009 15.098 0.011 4sh-chip3/Harris
SN 1999dq 2451463.90 17.565 0.039 17.071 0.014 15.808 0.009 15.337 0.011 15.068 0.013 4sh-chip3/Harris
SN 1999dq 2451466.87 -      -     17.299 0.022 15.983 0.012 15.461 0.016 15.094 0.016 4sh-chip3/Harris
SN 1999dq 2451468.85 17.939 0.051 17.443 0.021 16.092 0.013 15.556 0.017 15.172 0.018 4sh-chip3/Harris
SN 1999dq 2451487.83 18.397 0.047 18.016 0.016 16.871 0.010 16.470 0.012 16.174 0.017 4sh-chip3/Harris
SN 1999dq 2451512.78 19.212 0.067 18.329 0.038 17.518 0.026 17.258 0.032 17.133 0.037 4sh-chip3/Harris
SN 1999dq 2451521.78 -      -     18.528 0.026 17.619 0.013 17.476 0.019 17.683 0.049 4sh-chip3/Harris
SN 1999dq 2451527.72 -      -     -      -     17.825 0.028 17.694 0.035 17.824 0.065 4sh-chip3/Harris
SN 1999dq 2451546.76 19.824 0.082 18.867 0.041 18.270 0.023 18.277 0.032 18.446 0.059 4sh-chip3/Harris
SN 1999dq 2451547.74 -      -     -      -     18.292 0.029 -      -     -      -     4sh-chip3/Harris
SN 1999dq 2451589.65 -      -     19.479 0.090 19.031 0.065 19.235 0.092 18.941 0.148 4sh-chip3/Harris
SN 1999dq 2451590.65 -      -     19.315 0.059 18.922 0.038 19.483 0.092 18.862 0.094 4sh-chip3/Harris
SN 1999ef 2451464.81 17.842 0.047 17.720 0.022 17.491 0.015 17.316 0.019 17.909 0.031 4sh-chip3/Harris
SN 1999ef 2451467.73 18.109 0.041 17.945 0.018 17.627 0.011 17.586 0.016 18.131 0.029 4sh-chip3/Harris
SN 1999ef 2451469.85 18.301 0.081 18.146 0.020 17.765 0.012 17.742 0.020 18.343 0.080 4sh-chip3/Harris
SN 1999ef 2451487.74 20.248 0.116 19.955 0.039 18.763 0.024 18.173 0.031 18.174 0.041 4sh-chip3/Harris
SN 1999ef 2451521.62 -      -     20.953 0.081 20.032 0.046 19.573 0.074 20.215 0.120 4sh-chip3/Harris
SN 1999ef 2451546.68 -      -     21.313 0.258 20.487 0.177 20.464 0.234 -      -     4sh-chip3/Harris
SN 1999ef 2451581.62 -      -     21.798 0.280 20.858 0.177 -      -     -      -     4sh-chip3/Harris
SN 1999ej 2451487.75 15.728 0.038 15.833 0.016 15.632 0.010 15.531 0.013 15.795 0.014 4sh-chip3/Harris
SN 1999ej 2451494.83 16.801 0.041 16.629 0.018 16.072 0.011 16.060 0.014 16.267 0.016 4sh-chip3/Harris
SN 1999ej 2451521.70 18.902 0.135 18.831 0.075 -      -     17.373 0.044 17.174 0.045 4sh-chip3/Harris
SN 1999ej 2451527.64 -      -     -      -     17.968 0.256 -      -     -      -     4sh-chip3/Harris
SN 1999ej 2451546.71 19.690 0.133 19.332 0.048 18.529 0.019 18.326 0.029 18.372 0.052 4sh-chip3/Harris
SN 1999ej 2451589.59 -      -     20.087 0.164 -      -     19.604 0.161 -      -     4sh-chip3/Harris
SN 1999ej 2451590.61 -      -     19.981 0.118 19.615 0.074 19.684 0.110 19.818 0.197 4sh-chip3/Harris
SN 1999ek 2451487.91 18.629 0.058 18.186 0.021 17.324 0.011 16.905 0.015 16.803 0.017 4sh-chip3/Harris
SN 1999ek 2451495.91 19.737 0.083 18.924 0.030 17.757 0.012 17.401 0.016 17.272 0.022 4sh-chip3/Harris
SN 1999ek 2451517.87 -      -     20.934 0.130 19.077 0.038 18.296 0.049 17.609 0.049 4sh-chip3/Harris
SN 1999ek 2451521.81 -      -     20.988 0.150 19.231 0.044 18.505 0.060 17.712 0.064 4sh-chip3/Harris
SN 1999ek 2451545.84 -      -     21.286 0.121 19.890 0.067 19.251 0.083 18.888 0.085 4sh-chip3/Harris
SN 1999ek 2451584.62 -      -     -      -     20.825 0.161 20.616 0.209 20.719 0.224 4sh-chip3/Harris
SN 1999ek 2451590.70 -      -     -      -     20.966 0.201 -      -     -      -     4sh-chip3/Harris
SN 1999gd 2451521.93 17.325 0.059 17.144 0.015 16.680 0.010 16.381 0.014 16.470 0.027 4sh-chip3/Harris
SN 1999gd 2451527.95 17.987 0.078 17.563 0.020 16.842 0.011 16.627 0.014 16.783 0.019 4sh-chip3/Harris
SN 1999gd 2451545.91 20.109 0.055 19.482 0.016 17.923 0.007 17.242 0.011 16.812 0.012 4sh-chip3/Harris
SN 1999gd 2451556.84 20.785 0.135 20.343 0.045 18.691 0.021 18.028 0.026 17.502 0.028 4sh-chip3/Harris
SN 1999gd 2451581.82 -      -     20.486 0.052 19.312 0.021 18.860 0.027 18.525 0.038 4sh-chip3/Harris
SN 1999gd 2451589.86 -      -     20.521 0.118 19.563 0.046 19.096 0.065 18.716 0.120 4sh-chip3/Harris
SN 1999gd 2451590.89 -      -     20.531 0.101 19.508 0.045 19.068 0.071 18.651 0.140 4sh-chip3/Harris
SN 1999gd 2451640.77 -      -     -      -     20.791 0.091 20.549 0.123 -      -     4sh-chip3/Harris
SN 1999gd 2451670.68 -      -     -      -     21.398 0.257 -      -     -      -     4sh-chip3/Harris
SN 1999gh 2451520.95 15.381 0.040 15.172 0.011 14.507 0.007 14.450 0.008 14.651 0.013 4sh-chip3/Harris
SN 1999gh 2451522.01 15.568 0.040 15.321 0.011 14.587 0.007 14.524 0.011 14.687 0.015 4sh-chip3/Harris
SN 1999gh 2451523.00 15.733 0.037 15.477 0.014 14.657 0.010 14.570 0.012 14.679 0.015 4sh-chip3/Harris
SN 1999gh 2451524.97 16.067 0.038 15.814 0.015 14.813 0.010 14.661 0.012 14.707 0.015 4sh-chip3/Harris
SN 1999gh 2451527.04 16.420 0.043 16.099 0.016 14.991 0.009 14.712 0.012 14.589 0.014 4sh-chip3/Harris
SN 1999gh 2451541.95 17.656 0.051 17.477 0.017 16.247 0.009 15.799 0.012 15.520 0.016 4sh-chip3/Harris
SN 1999gh 2451545.95 17.810 0.113 17.631 0.015 16.442 0.010 15.986 0.014 15.737 0.019 4sh-chip3/Harris
SN 1999gh 2451549.92 17.902 0.052 17.728 0.019 16.589 0.008 16.190 0.012 15.973 0.020 4sh-chip3/Harris
SN 1999gh 2451552.93 -      -     17.800 0.017 16.688 0.007 16.320 0.011 16.129 0.026 4sh-chip3/Harris
SN 1999gh 2451554.89 18.079 0.051 17.800 0.018 16.730 0.009 16.382 0.014 16.238 0.019 4sh-chip3/Harris
SN 1999gh 2451575.81 18.628 0.125 18.148 0.028 17.359 0.019 17.182 0.030 17.052 0.067 4sh-chip3/Harris
SN 1999gh 2451581.85 18.804 0.091 18.270 0.019 17.524 0.009 17.386 0.019 17.424 0.076 4sh-chip3/Harris
SN 1999gh 2451584.82 18.885 0.087 18.331 0.031 17.596 0.021 17.509 0.029 17.521 0.059 4sh-chip3/Harris
SN 1999gh 2451588.79 19.003 0.172 18.419 0.039 17.711 0.023 17.653 0.033 17.664 0.097 4sh-chip3/Harris
SN 1999gh 2451589.81 -      -     -      -     17.749 0.028 17.638 0.054 17.550 0.113 4sh-chip3/Harris
SN 1999gh 2451590.83 18.800 0.095 18.417 0.023 17.777 0.015 17.730 0.026 17.701 0.065 4sh-chip3/Harris
SN 1999gh 2451600.79 19.087 0.240 18.614 0.079 17.990 0.023 18.070 0.046 18.023 0.099 4sh-chip3/Harris
SN 1999gh 2451640.68 19.873 0.154 19.287 0.069 18.980 0.042 19.197 0.068 18.902 0.168 4sh-chip3/Harris
SN 1999gp 2451545.81 15.756 0.037 16.330 0.012 16.338 0.008 16.243 0.011 16.352 0.012 4sh-chip3/Harris
SN 1999gp 2451546.74 15.758 0.041 16.285 0.016 16.206 0.008 16.177 0.012 16.330 0.012 4sh-chip3/Harris
SN 1999gp 2451548.65 15.760 0.036 16.199 0.013 16.226 0.009 16.145 0.012 16.366 0.015 4sh-chip3/Harris
SN 1999gp 2451551.63 15.874 0.037 16.251 0.013 16.140 0.007 16.023 0.011 16.406 0.016 4sh-chip3/Harris
SN 1999gp 2451553.57 16.050 0.038 16.291 0.013 16.136 0.008 16.015 0.011 16.472 0.014 4sh-chip3/Harris
SN 1999gp 2451555.62 16.150 0.037 16.475 0.014 16.280 0.009 16.171 0.012 16.568 0.014 4sh-chip3/Harris
SN 1999gp 2451564.64 17.109 0.048 17.011 0.019 16.564 0.012 16.527 0.017 17.048 0.041 4sh-chip3/Harris
SN 1999gp 2451570.58 17.857 0.072 17.589 0.021 16.872 0.011 -      -     17.142 0.033 4sh-chip3/Harris
SN 1999gp 2451580.58 18.870 0.066 18.463 0.031 17.306 0.017 16.851 0.026 16.831 0.029 4sh-chip3/Harris
SN 1999gp 2451581.67 18.985 0.063 18.578 0.017 17.324 0.010 16.849 0.017 16.850 0.017 4sh-chip3/Harris
SN 1999gp 2451589.67 19.378 0.193 18.999 0.028 17.822 0.016 17.249 0.024 17.053 0.032 4sh-chip3/Harris
SN 2000B  2451578.83 17.654 0.036 17.333 0.012 16.462 0.007 16.374 0.010 16.632 0.013 4sh-chip3/Harris
SN 2000B  2451581.74 18.102 0.043 17.731 0.017 16.603 0.010 16.429 0.014 16.470 0.016 4sh-chip3/Harris
SN 2000B  2451590.78 19.055 0.086 18.624 0.024 17.368 0.012 16.793 0.016 16.544 0.019 4sh-chip3/Harris
SN 2000B  2451601.65 19.436 0.118 19.145 0.025 17.946 0.014 17.455 0.018 17.268 0.023 4sh-chip3/Harris
SN 2000B  2451607.67 19.728 0.123 19.238 0.024 18.141 0.011 17.701 0.016 17.562 0.022 4sh-chip3/Harris
SN 2000B  2451640.66 20.254 0.212 19.691 0.042 19.018 0.030 18.789 0.043 18.892 0.066 4sh-chip3/Harris
SN 2000ce 2451674.63 17.842 0.083 17.615 0.030 16.835 0.016 16.504 0.022 16.528 0.024 4sh-chip3/Harris
SN 2000ce 2451675.64 18.156 0.081 17.674 0.028 16.882 0.015 16.564 0.021 16.595 0.029 4sh-chip3/Harris
SN 2000ce 2451677.66 18.202 0.083 17.837 0.020 17.010 0.012 16.711 0.019 16.739 0.031 4sh-chip3/Harris
SN 2000ce 2451678.63 18.292 0.126 17.924 0.038 17.067 0.015 16.761 0.022 16.818 0.033 4sh-chip3/Harris
SN 2000ce 2451679.63 18.525 0.210 18.068 0.050 17.091 0.021 16.804 0.027 16.821 0.036 4sh-chip3/Harris
SN 2000ce 2451689.66 19.669 0.141 19.169 0.048 17.648 0.026 17.113 0.033 16.787 0.040 4sh-chip3/Harris
SN 2000cf 2451676.85 17.173 0.077 17.256 0.022 17.194 0.012 17.063 0.020 17.491 0.037 4sh-chip3/Harris
SN 2000cf 2451677.80 17.334 0.063 17.302 0.027 17.191 0.018 17.126 0.024 17.524 0.034 4sh-chip3/Harris
SN 2000cf 2451678.74 17.410 0.097 -      -     -      -     17.151 0.038 -      -     4sh-chip3/Harris
SN 2000cf 2451679.78 17.648 0.085 17.445 0.023 17.270 0.014 17.180 0.018 17.604 0.027 4sh-chip3/Harris
SN 2000cf 2451688.81 -      -     18.437 0.038 17.751 0.020 17.648 0.029 18.046 0.045 4sh-chip3/Harris
SN 2000cf 2451691.79 -      -     18.851 0.035 17.989 0.015 17.731 0.023 17.993 0.041 4sh-chip3/Harris
SN 2000cf 2451693.83 19.559 0.185 18.996 0.070 18.128 0.023 17.778 0.031 17.980 0.059 4sh-chip3/Harris
SN 2000cf 2451695.73 -      -     19.302 0.053 18.245 0.022 17.793 0.028 17.995 0.043 4sh-chip3/Harris
SN 2000cf 2451696.78 19.822 0.216 19.436 0.057 18.278 0.022 17.844 0.031 17.864 0.038 4sh-chip3/Harris
SN 2000cf 2451730.67 -      -     20.721 0.176 19.746 0.069 19.269 0.099 19.252 0.118 4sh-chip3/Harris
SN 2000cf 2451758.68 -      -     -      -     20.377 0.174 20.052 0.236 -      -     4sh-chip3/Harris
SN 2000cf 2451795.67 22.525 0.201 -      -     -      -     -      -     -      -     4sh-chip3/Harris
SN 2000cf 2451806.62 -      -     -      -     20.964 0.205 -      -     -      -     4sh-chip3/Harris
SN 2000cn 2451699.85 17.567 0.047 17.618 0.020 17.471 0.013 17.264 0.019 17.254 0.025 4sh-chip3/Harris
SN 2000cn 2451700.84 17.258 0.043 17.349 0.024 17.260 0.018 17.049 0.023 17.008 0.028 4sh-chip3/Harris
SN 2000cn 2451701.90 17.024 0.038 17.178 0.017 17.033 0.011 16.843 0.015 16.879 0.017 4sh-chip3/Harris
SN 2000cn 2451702.98 -      -     16.982 0.028 16.892 0.016 16.701 0.021 16.789 0.027 4sh-chip3/Harris
SN 2000cn 2451703.80 16.888 0.039 16.921 0.018 16.856 0.013 16.647 0.017 16.673 0.022 4sh-chip3/Harris
SN 2000cn 2451709.89 17.003 0.090 16.896 0.018 16.591 0.012 16.437 0.017 16.785 0.027 4sh-chip3/Harris
SN 2000cn 2451710.83 17.085 0.070 16.958 0.037 16.580 0.026 16.432 0.041 16.751 0.051 4sh-chip3/Harris
SN 2000cn 2451711.71 17.195 0.049 17.017 0.022 16.611 0.014 16.476 0.019 16.781 0.023 4sh-chip3/Harris
SN 2000cn 2451712.78 17.474 0.061 17.074 0.028 16.645 0.018 16.538 0.024 16.867 0.031 4sh-chip3/Harris
SN 2000cn 2451715.86 17.698 0.071 17.460 0.030 16.821 0.020 16.790 0.028 17.061 0.046 4sh-chip3/Harris
SN 2000cn 2451716.74 17.889 0.047 17.557 0.020 16.930 0.013 16.857 0.018 17.128 0.027 4sh-chip3/Harris
SN 2000cn 2451728.97 -      -     19.301 0.044 17.883 0.027 17.355 0.033 17.119 0.039 4sh-chip3/Harris
SN 2000cn 2451758.72 -      -     20.148 0.070 19.154 0.038 18.967 0.059 -      -     4sh-chip3/Harris
SN 2000cn 2451789.79 -      -     -      -     19.879 0.252 -      -     -      -     4sh-chip3/Harris
SN 2000cn 2451790.67 -      -     -      -     19.992 0.244 -      -     -      -     4sh-chip3/Harris
SN 2000cn 2451791.64 -      -     -      -     20.076 0.104 20.225 0.206 -      -     4sh-chip3/Harris
SN 2000cn 2451794.65 -      -     20.616 0.147 20.075 0.101 20.242 0.167 -      -     4sh-chip3/Harris
SN 2000cn 2451796.66 -      -     20.656 0.182 -      -     -      -     -      -     4sh-chip3/Harris
SN 2000cn 2451803.62 -      -     -      -     20.333 0.101 20.769 0.175 -      -     4sh-chip3/Harris
SN 2000cn 2451810.65 -      -     -      -     20.659 0.251 -      -     -      -     4sh-chip3/Harris
SN 2000cx 2451751.97 13.223 0.051 13.422 0.021 13.285 0.013 13.338 0.017 13.639 0.029 4sh-chip3/Harris
SN 2000cx 2451789.96 16.571 0.092 16.390 0.035 15.516 0.012 15.227 0.016 15.129 0.028 4sh-chip3/Harris
SN 2000cx 2451792.99 16.667 0.046 16.512 0.018 15.643 0.010 15.365 0.015 15.315 0.028 4sh-chip3/Harris
SN 2000cx 2451794.95 16.768 0.049 16.555 0.018 15.718 0.010 15.452 0.014 15.429 0.025 4sh-chip3/Harris
SN 2000cx 2451800.96 16.911 0.072 16.677 0.048 15.919 0.024 15.700 0.030 15.753 0.060 4sh-chip3/Harris
SN 2000cx 2451801.88 16.961 0.065 16.701 0.039 15.973 0.028 15.751 0.035 15.828 0.041 4sh-chip3/Harris
SN 2000cx 2451805.86 16.990 0.050 16.780 0.026 16.099 0.017 15.877 0.024 16.038 0.030 4sh-chip3/Harris
SN 2000cx 2451810.85 17.126 0.047 16.889 0.021 16.250 0.012 16.067 0.017 16.248 0.027 4sh-chip3/Harris
SN 2000cx 2451814.76 17.157 0.061 16.971 0.016 16.391 0.009 16.219 0.012 16.446 0.021 4sh-chip3/Harris
SN 2000cx 2451819.93 17.271 0.047 17.063 0.021 16.563 0.010 16.412 0.014 16.730 0.025 4sh-chip3/Harris
SN 2000cx 2451822.99 17.275 0.048 17.120 0.021 16.654 0.011 16.524 0.016 16.868 0.028 4sh-chip3/Harris
SN 2000cx 2451843.64 17.833 0.095 17.535 0.064 17.263 0.033 17.231 0.044 17.667 0.054 4sh-chip3/Harris
SN 2000cx 2451868.70 18.465 0.073 18.018 0.030 17.816 0.020 17.963 0.029 18.403 0.050 4sh-chip3/Harris
SN 2000cx 2451875.70 -      -     18.111 0.027 17.918 0.016 18.071 0.027 18.377 0.055 4sh-chip3/Harris
SN 2000cx 2451878.77 18.779 0.060 18.189 0.029 18.036 0.020 18.164 0.029 18.548 0.050 4sh-chip3/Harris
SN 2000cx 2451900.66 19.063 0.057 18.550 0.031 18.418 0.020 18.760 0.038 18.929 0.058 4sh-chip3/Harris
SN 2000cx 2451906.64 19.252 0.055 18.604 0.026 18.520 0.017 18.842 0.029 19.026 0.066 4sh-chip3/Harris
SN 2000cx 2451933.64 19.817 0.120 19.025 0.084 18.942 0.063 19.404 0.077 19.734 0.152 4sh-chip3/Harris
SN 2000dk 2451807.88 15.500 0.038 15.917 0.016 15.896 0.010 15.724 0.012 15.871 0.016 4sh-chip3/Harris
SN 2000dk 2451809.88 15.431 0.037 15.699 0.012 15.692 0.007 15.558 0.009 15.713 0.011 4sh-chip3/Harris
SN 2000dk 2451810.80 15.405 0.037 15.664 0.015 15.652 0.009 15.498 0.011 15.696 0.014 4sh-chip3/Harris
SN 2000dk 2451811.84 15.423 0.036 15.630 0.012 15.578 0.007 15.456 0.008 15.742 0.012 4sh-chip3/Harris
SN 2000dk 2451813.71 15.562 0.037 15.637 0.014 15.568 0.008 15.468 0.011 15.803 0.014 4sh-chip3/Harris
SN 2000dk 2451818.71 16.146 0.038 16.004 0.015 15.667 0.009 15.653 0.011 16.114 0.014 4sh-chip3/Harris
SN 2000dk 2451821.97 16.650 0.039 16.435 0.017 15.906 0.010 15.876 0.013 16.260 0.018 4sh-chip3/Harris
SN 2000dk 2451825.81 17.359 0.040 17.021 0.015 16.153 0.009 15.996 0.011 16.166 0.016 4sh-chip3/Harris
SN 2000dk 2451844.60 18.995 0.117 18.682 0.039 17.585 0.016 17.201 0.024 16.970 0.042 4sh-chip3/Harris
SN 2000dk 2451873.73 19.918 0.229 19.392 0.052 18.529 0.027 18.366 0.041 18.422 0.066 4sh-chip3/Harris
SN 2000dk 2451875.64 -      -     19.296 0.070 18.610 0.032 18.364 0.047 18.567 0.068 4sh-chip3/Harris
SN 2000dk 2451906.66 -      -     19.866 0.121 19.515 0.067 19.450 0.103 19.371 0.137 4sh-chip3/Harris
SN 2000dk 2451933.61 -      -     20.347 0.215 20.245 0.143 -      -     -      -     4sh-chip3/Harris
SN 2000fa 2451881.91 17.095 0.041 17.184 0.017 17.059 0.011 16.889 0.016 16.919 0.019 4sh-chip3/Harris
SN 2000fa 2451898.83 16.386 0.036 16.364 0.011 16.110 0.007 15.993 0.010 16.424 0.015 4sh-chip3/Harris
SN 2000fa 2451901.83 16.718 0.037 16.566 0.013 16.237 0.008 16.155 0.011 16.580 0.018 4sh-chip3/Harris
SN 2000fa 2451906.82 17.295 0.041 17.039 0.015 16.546 0.010 16.531 0.012 16.833 0.021 4sh-chip3/Harris
SN 2000fa 2451907.74 17.368 0.052 17.148 0.012 16.584 0.007 16.560 0.010 16.836 0.017 4sh-chip3/Harris
SN 2000fa 2451929.83 19.642 0.113 19.082 0.054 17.777 0.014 17.246 0.019 17.007 0.025 4sh-chip3/Harris
SN 2000fa 2451933.83 19.921 0.159 19.220 0.031 17.984 0.017 17.472 0.021 17.284 0.025 4sh-chip3/Harris
SN 2000fa 2451953.73 -      -     19.463 0.040 18.537 0.024 18.167 0.030 18.219 0.044 4sh-chip3/Harris
SN 2000fa 2451959.61 -      -     19.526 0.048 18.737 0.034 18.372 0.043 18.451 0.063 4sh-chip3/Harris
SN 2000fa 2451963.76 -      -     19.613 0.043 18.804 0.020 18.537 0.027 18.541 0.080 4sh-chip3/Harris
SN 2000fa 2451994.70 20.665 0.226 20.133 0.114 19.601 0.076 19.478 0.116 19.591 0.153 4sh-chip3/Harris
SN 2000fa 2452022.66 -      -     20.550 0.239 20.237 0.155 20.422 0.227 -      -     4sh-chip3/Harris
